39909423, CI.HOL., 15.558, 0.3, 18.173, 0.3, nan, 0.4, a, 20220112002458770
39909511, AZ.LVA2., 3.723, 0.2, 11.662, 0.3, nan, 0.4, b, 20220112021208390 
39909511, AZ.SMER., 12.748, 0.2, 16.068, 0.3, nan, 0.4, b, 20220112021208390   
39909511, BC.RMX., 16.035, 0.3, 19.083, 0.3, 18.483, 0.3, a, 20220112021208390 
39909663, CI.EML., 18.84, 0.4, 23.763, 0.4, 22.793, 0.4, a, 20220112090603170 
39910287, CI.CSH., 4.513, 0.4, 13.931, 0.4, nan, 0.4, b, 20220113032108850 
39910327, CI.NSS2., 8.673, 0.4, 17.275, 0.4, nan, 0.4, c, 20220113032453520 
39910327, CI.RHR., 11.663, 0.4, 18.879, 0.4, nan, 0.4, c, 20220113032453520 
39910327, CI.SWS., 13.408, 0.4, 19.471, 0.4, nan, 0.4, b, 20220113032453520 
39910983, CI.DPP., 11.008, 0.4, 15.974, 0.4, nan, 0.4, c, 20220113082309790 
39910983, CI.HMT2., 11.428, 0.4, 17.203, 0.4, nan, 0.4, b, 20220113082309790 
39910983, CI.MGE., 8.628, 0.4, 14.509, 0.4, nan, 0.4, b, 20220113082309790 
39910983, CI.MUR., 13.338, 0.4, 17.738, 0.4, nan, 0.4, b, 20220113082309790 
39910983, CI.PER., 15.453, 0.4, 19.351, 0.4, nan, 0.4, b, 20220113082309790 
39910983, CI.TOR., 4.598, 0.4, 11.474, 0.4, nan, 0.4, c, 20220113082309790 
39913455, CI.FDR., 12.743, 0.4, 17.785, 0.4, nan, 0.4, b, 20220115161902000 
39913455, CI.TEH., 7.848, 0.4, 14.765, 0.4, nan, 0.4, b, 20220115161902000 
39913895, BC.RMX., 13.572, 0.4, 19.139, 0.4, nan, 0.4, b, 20220116091814410 
39913895, CI.ERR., 15.748, 0.4, 22.444, 0.4, nan, 0.4, a, 20220116091814410 
39913895, CI.IMP., 11.468, 0.4, 18.417, 0.4, nan, 0.4, a, 20220116091814410 
39913943, CI.CCA., 12.438, 0.4, 17.925, 0.4, nan, 0.4, b, 20220116124930000 
39913943, CI.CCC., 3.848, 0.4, 11.957, 0.4, nan, 0.4, a, 20220116124930000 
39913943, CI.LMR2., 13.768, 0.4, 18.502, 0.4, nan, 0.4, a, 20220116124930000 
39913943, CI.SRT., 4.668, 0.4, 13.209, 0.4, nan, 0.4, b, 20220116124930000 
39913943, CI.TEH., 15.308, 0.4, 20.149, 0.4, nan, 0.4, b, 20220116124930000 
39913999, CI.CCC., 8.888, 0.4, 13.967, 0.4, nan, 0.4, b, 20220116145950590 
39913999, CI.SRT., 8.138, 0.4, 13.714, 0.4, nan, 0.4, b, 20220116145950590 
39913999, CI.TEH., 19.836, 0.4, 22.52, 0.4, 21.805, 0.4, a, 20220116145950590 
39913999, CI.WOR., 14.038, 0.4, 17.386, 0.4, nan, 0.4, a, 20220116145950590 
39913999, NN.GWY., 12.058, 0.4, 16.379, 0.4, nan, 0.4, c, 20220116145950590 
39913999, PB.B921., 7.288, 0.4, 13.601, 0.4, nan, 0.4, a, 20220116145950590 
39914199, CI.FOX2., 17.07, 0.3, 22.475, 0.3, 21.771, 0.3, a, 20220117000229990 
39914199, CI.HRV., 9.36, 0.3, 15.969, 0.3, nan, 0.3, c, 20220117000229990 
39914199, CI.NCH., 11.645, 0.3, 17.699, 0.3, nan, 0.3, c, 20220117000229990 
39914591, CI.CWP., 11.55, 0.3, 17.839, 0.3, nan, 0.3, b, 20220117155620910 
39914591, CI.JNH2., 12.358, 0.3, 19.195, 0.3, nan, 0.3, a, 20220117155620910 
39914591, CI.PASC.00, 6.587, 0.3, 14.052, 0.3, nan, 0.3, b, 20220117155620910 
39914591, CI.PLS., 9.946, 0.3, 15.989, 0.3, nan, 0.3, c, 20220117155620910 
39914591, CI.RKMO., 10.214, 0.3, 16.445, 0.3, nan, 0.3, b, 20220117155620910 
39915287, CI.BOR., 11.6, 0.3, 17.972, 0.3, nan, 0.3, a, 20220118073915120 
39915287, CI.LMS., 10.555, 0.3, 17.266, 0.3, nan, 0.3, a, 20220118073915120 
39915287, CI.LUG., 14.1, 0.3, 19.8, 0.3, nan, 0.3, c, 20220118073915120 
39915287, CI.NSS2., 13.9, 0.3, 20.4, 0.3, nan, 0.3, c, 20220118073915120 
39915287, CI.SLH., 14.3, 0.3, 20.1, 0.3, nan, 0.3, a, 20220118073915120 
39915287, CI.THM., 11.5, 0.4, 18.2, 0.4, nan, 0.3, c, 20220118073915120 
39915287, CI.VTV., 16, 0.4, 21.8, 0.4, nan, 0.3, b, 20220118073915120 
39915375, CI.BOR., 11.6, 0.4, 18, 0.4, nan, 0.3, b, 20220118084437210 
39917967, CI.SLA., 7.23, 0.4, 14.1, 0.4, nan, 0.3, b, 20220120095230400 
39917967, PB.B918., 8.16, 0.2, 14.7, 0.2, nan, 0.3, b, 20220120095230400 
39920079, CI.SLB., 12.5, 0.4, 17.1, 0.4, nan, 0.3, b, 20220122010142300 
39920807, CI.DTP., 12, 0.4, 16.4, 0.4, nan, 0.3, b, 20220122234305360 
39920807, CI.FDR., 14, 0.4, 17.8, 0.4, nan, 0.3, a, 20220122234305360 
39920871, CI.TFT., 5.39, 0.4, 14.2, 0.4, nan, 0.3, b, 20220123044939870 
39921383, CI.IDO., 7.61, 0.4, 14.7, 0.4, nan, 0.3, b, 20220123205715240 
39921383, AZ.RDM., 8.06, 0.4, 13.9, 0.4, nan, 0.3, c, 20220123205715240 
39921567, CI.RUN., 9.3, 0.4, 14.6, 0.4, nan, 0.3, c, 20220124023838010 
39921567, CI.CRR., 12.4, 0.4, 17.4, 0.4, nan, 0.3, b, 20220124023838010 
39922991, CI.CHR., 14.4, 0.4, 19, 0.4, nan, 0.3, b, 20220125172319330 
39923159, CI.WMF., 5.21, 0.4, 14.8, 0.4, nan, 0.3, c, 20220125192818690 
39923247, CI.CHR., 14.4, 0.4, 18.9, 0.4, nan, 0.3, b, 20220125212130440 
39923247, CI.MPI., 15, 0.4, 20.1, 0.4, nan, 0.3, b, 20220125212130440 
39923479, CI.CGO., 10.4, 0.4, 14.2, 0.4, nan, 0.3, b, 20220126050555330 
39923623, CI.CCA., 16.8, 0.4, 19, 0.4, 18.7, 0.3, b, 20220126095905010 
39923679, CI.WAS2., 13.3, 0.4, 15.9, 0.4, nan, 0.3, b, 20220126103830020 
39924543, CI.CCA., 12.6, 0.4, 17.6, 0.4, nan, 0.3, c, 20220127033401460 
39924855, CI.LMR2., 12.9, 0.4, 16.8, 0.4, nan, 0.3, b, 20220127095426310 
39926031, CI.CWP., 9.96, 0.4, 16.5, 0.4, nan, 0.3, a, 20220128104007860 
39926527, CI.WAS2., 8.17, 0.4, 13.7, 0.4, nan, 0.3, b, 20220128203303970 
39927023, CI.OSI., 4.92, 0.4, 13.8, 0.4, nan, 0.3, a, 20220129055641000 
39927023, CI.TER2., 12.5, 0.4, 18.4, 0.4, nan, 0.3, a, 20220129055641000 
39929351, CI.CWP., 10.4, 0.4, 17.4, 0.4, nan, 0.3, b, 20220131234528720 
39929351, AZ.LVA2., 15.6, 0.4, 22.3, 0.4, nan, 0.3, b, 20220131234528720 
39929439, CI.SWP., 15.8, 0.4, 20.3, 0.4, nan, 0.3, b, 20220201012424220 
39929439, CI.SLV., 15.2, 0.4, 21.2, 0.4, nan, 0.3, c, 20220201012424220 
39929991, CI.RUN., 10.9, 0.4, 14.7, 0.4, nan, 0.3, b, 20220201192630930 
39930519, CI.FRK., 12.2, 0.4, 17.7, 0.4, nan, 0.3, b, 20220202070130500 
39930623, CI.WWC., 8.85, 0.4, 15.3, 0.4, nan, 0.3, b, 20220202100105740 
39930623, CI.FRK., 12.3, 0.4, 19.9, 0.4, nan, 0.3, b, 20220202100105740 
40175136, CI.SBB2., 14.9, 0.4, 21.5, 0.4, nan, 0.3, c, 20220203075810850 
37387020, CI.CWP., 11.1, 0.4, 15.8, 0.4, nan, 0.3, c, 20220203151832540 
40175560, CI.DTP., 14.1, 0.4, 17.6, 0.4, nan, 0.3, b, 20220203170822680 
40176336, CI.RKMO., 10.5, 0.4, 17, 0.4, nan, 0.3, c, 20220204105219770 
40176336, CI.CWP., 12.3, 0.4, 18.8, 0.4, nan, 0.3, a, 20220204105219770 
40177192, CI.SDG., 6.68, 0.4, 16.5, 0.4, nan, 0.3, c, 20220205074104630 
40177200, CI.HAY., 10.3, 0.4, 13.7, 0.4, nan, 0.3, b, 20220205074909660 
40177200, CI.YUH2., 11.3, 0.4, 15.7, 0.4, nan, 0.3, b, 20220205074909660 
40177816, CI.SLH., 6.73, 0.4, 15.8, 0.4, nan, 0.3, b, 20220205183420810 
40177968, CI.NCH., 9.94, 0.4, 14.3, 0.4, nan, 0.3, c, 20220205234904960 
40178728, CI.PSR., 8.61, 0.4, 15.6, 0.4, nan, 0.3, c, 20220206232447510 
40178728, CI.RIO., 10.9, 0.4, 17.1, 0.4, nan, 0.3, b, 20220206232447510 
40178728, AZ.LVA2., 15.7, 0.4, 21.9, 0.4, nan, 0.3, c, 20220206232447510 
40179016, CI.LMR2., 11.8, 0.4, 14.9, 0.4, nan, 0.3, b, 20220207121028870 
40180552, CI.KRV3., 12.3, 0.4, 15.5, 0.4, nan, 0.3, b, 20220209014742470 
40180600, CI.CWC., 7.89, 0.4, 12.6, 0.4, nan, 0.3, b, 20220209040551690 
40180600, CI.CLC., 14, 0.4, 16.7, 0.4, nan, 0.3, b, 20220209040551690 
40180784, CI.YUH2., 10.9, 0.4, 14.6, 0.4, nan, 0.3, a, 20220209121834630 
40180784, CI.IKP., 13.6, 0.4, 15.7, 0.4, nan, 0.3, c, 20220209121834630 
40182952, CI.SRT., 4.95, 0.4, 11.7, 0.4, nan, 0.3, c, 20220211121842170 
40183048, CI.SRT., 4.92, 0.4, 12, 0.4, nan, 0.3, b, 20220211141550450 
40183056, CI.CCA., 15, 0.4, 18.2, 0.4, nan, 0.3, a, 20220211142113660 
40183624, CI.SLH., 3.36, 0.4, 13.4, 0.4, nan, 0.3, b, 20220211232548160 
