0  39969647  0.234661  8.5  47.59  2.07  2.2  20220316234635830.CI.SLA
1  39970959  0.257551  5.6  92.35  5.25  2.2  20220318092715930.CI.DTP
2  39980983  0.000009  11.3  74.72  13.06  2.1  20220329063445330.CI.DPP
3  39974207  0.504848  2.3  53.29  13.09  3.0  20220322115940490.CI.WWC
4  39973183  0.000520  21.5  128.97  11.02  2.9  20220320233148540.CI.BLA2
5  39973863  0.002326  5.3  11.33  9.90  2.3  20220321234144940.CI.PLR
6  39980983  0.035423  13.6  49.84  13.06  2.1  20220329063445330.CI.RCR
7  39970455  0.003634  4.2  19.23  8.80  2.8  20220317202110650.CI.SBI
8  39980583  0.000011  -1.1  21.22  2.28  3.0  20220328152432130.CI.ERR
9  39973183  0.000146  0.4  125.97  11.02  2.9  20220320233148540.CI.DPP
10  39974975  0.032218  9.5  20.61  7.47  2.6  20220323015844750.CI.DJJ
11  39974135  0.000902  8.3  103.99  7.40  3.3  20220322103338430.AZ.SND
12  39976295  0.002997  10.1  17.31  6.06  2.0  20220324015333340.CI.CGO
13  39974135  0.005528  4.4  46.78  7.40  3.3  20220322103338430.CI.STG
14  39969735  0.154536  11.6  61.71  11.78  2.5  20220317014656550.CI.PMD
15  39971647  0.011133  4.1  89.43  7.93  2.8  20220318213015660.BC.TKX
16  39971839  0.006059  5.3  64.17  8.32  2.0  20220319010427770.CI.TOW2
17  39969735  0.005987  12.2  35.54  11.78  2.5  20220317014656550.CI.BLA2
18  39973479  0.003913  8.7  74.37  14.45  2.9  20220321160222860.CI.SOL2
19  39980759  0.051061  3.7  23.64  6.78  2.0  20220328190009580.CI.CLC
20  39969735  0.007605  8.7  82.70  11.78  2.5  20220317014656550.CI.PLM
21  39980551  0.007220  6.8  98.09  7.56  2.1  20220328150039320.CI.EDW2
22  39973167  0.000650  3.8  69.74  2.66  2.4  20220320223755660.PB.B917
23  39974207  0.282232  7.2  94.90  13.09  3.0  20220322115940490.CI.SDG
24  39974975  0.001552  -4.9  110.97  7.47  2.6  20220323015844750.CI.TEH
25  39974975  0.003644  13.4  114.64  7.47  2.6  20220323015844750.CI.CWP
26  39980023  0.000030  4.2  92.75  16.24  2.3  20220327200134190.CI.SWP
27  39980759  0.118793  2.4  64.39  6.78  2.0  20220328190009580.CI.WMF
28  39974135  0.019562  7.5  120.55  7.40  3.3  20220322103338430.AZ.TRO
29  39980279  0.042883  10.3  21.87  2.42  2.2  20220328080518810.PB.B916
30  39973479  0.005242  9.9  36.73  14.45  2.9  20220321160222860.CI.DJJ
31  39971647  0.000000  6.7  114.64  7.93  2.8  20220318213015660.CI.MCT
32  39973183  0.000244  11.8  104.70  11.02  2.9  20220320233148540.CI.KYV
33  39971647  0.369736  4.1  97.20  7.93  2.8  20220318213015660.CI.DZA
34  39971647  0.003120  -1.9  54.91  7.93  2.8  20220318213015660.AZ.LVA2
35  39971839  0.000375  6.6  82.84  8.32  2.0  20220319010427770.CI.SPG2
36  39970343  0.159861  0.4  63.68  6.49  2.1  20220317184856910.CI.CWP
37  39974975  0.000516  13.4  69.51  7.47  2.6  20220323015844750.CI.STC
38  39980583  0.000076  1.8  63.43  2.28  3.0  20220328152432130.CI.RUN
39  39981303  0.012762  9.4  33.92  8.54  2.7  20220329183543770.CI.CRR
40  39971839  0.014622  1.6  17.64  8.32  2.0  20220319010427770.CI.ISA
41  39979047  0.090608  8.6  87.14  10.15  2.3  20220326145853780.CI.MTG
42  39974207  0.014196  0.9  70.71  13.09  3.0  20220322115940490.CI.EML
43  39981503  0.240178  3.7  51.14  3.33  2.1  20220329215718440.CI.FDR
44  39970959  0.032676  12.3  66.24  5.25  2.2  20220318092715930.CI.WBS
45  39969735  0.002049  7.3  58.57  11.78  2.5  20220317014656550.CI.KYV
46  39981303  0.000645  7.7  38.41  8.54  2.7  20220329183543770.CI.ACP
47  39973863  0.000407  9.1  61.38  9.90  2.3  20220321234144940.CI.SGL
48  39980983  0.022303  6.6  36.12  13.06  2.1  20220329063445330.AZ.LVA2
49  39973863  0.001962  7.1  75.79  9.90  2.3  20220321234144940.CI.CSH
50  39974135  0.001670  10.6  28.05  7.40  3.3  20220322103338430.CI.LMS
51  39980479  0.004185  3.5  80.98  9.44  2.2  20220328134018000.CI.ACP
52  39971839  0.031200  6.8  72.80  8.32  2.0  20220319010427770.CI.VES
53  39980983  0.000022  13.3  28.76  13.06  2.1  20220329063445330.CI.MSJ
54  39971647  0.026166  1.5  92.31  7.93  2.8  20220318213015660.AZ.RDM
55  39980583  0.003438  8.9  66.22  2.28  3.0  20220328152432130.CI.YUH2
56  39980479  0.025386  1.9  81.52  9.44  2.2  20220328134018000.CI.SDR
57  39973183  0.000079  2.4  73.90  11.02  2.9  20220320233148540.BC.RMX
58  39981383  0.002468  7.8  80.63  18.12  2.1  20220329192701520.CI.PALA
59  39971647  0.002403  8.2  69.94  7.93  2.8  20220318213015660.CI.IDO
60  39969735  0.005907  7.4  71.17  11.78  2.5  20220317014656550.AZ.TRO
61  39970959  0.005383  17.6  22.77  5.25  2.2  20220318092715930.PB.B916
62  39981383  0.006260  2.5  78.31  18.12  2.1  20220329192701520.CI.EML
63  39980551  0.026300  3.5  62.85  7.56  2.1  20220328150039320.PB.B916
64  39971647  0.105105  6.6  61.06  7.93  2.8  20220318213015660.CI.IKP
65  39973863  0.000801  9.7  77.25  9.90  2.3  20220321234144940.CI.HAY
66  39971647  0.147917  9.0  47.16  7.93  2.8  20220318213015660.CI.TOR
67  39971647  0.015552  12.6  56.86  7.93  2.8  20220318213015660.CI.JEM
68  39980479  0.998005  7.9  18.88  9.44  2.2  20220328134018000.AZ.RDM
69  39981367  0.007397  11.2  83.41  11.46  2.2  20220329190819980.CI.MSC
70  39980479  0.003201  13.9  57.87  9.44  2.2  20220328134018000.CI.RCR
71  39969735  0.034604  9.0  62.11  11.78  2.5  20220317014656550.AZ.SND
72  39971647  0.021444  3.5  60.08  7.93  2.8  20220318213015660.CI.MTG
73  39970959  0.001401  11.3  14.16  5.25  2.2  20220318092715930.CI.WCS2
74  39970959  0.012790  6.7  41.39  5.25  2.2  20220318092715930.CI.CWC
75  39973167  0.000659  8.0  53.36  2.66  2.4  20220320223755660.CI.CCC
76  39971647  0.018286  9.7  70.62  7.93  2.8  20220318213015660.CI.LKH
77  39969647  0.006569  5.9  11.82  2.07  2.2  20220316234635830.CI.WMF
78  39980023  0.002551  5.4  71.60  16.24  2.3  20220327200134190.CI.YUH2
79  39981367  0.005696  3.5  28.81  11.46  2.2  20220329190819980.CI.JEM
80  39969439  0.227318  3.4  93.01  6.88  2.5  20220316175102390.CI.KRV3
81  39980583  0.002670  -0.9  96.79  2.28  3.0  20220328152432130.CI.MTG
82  39981503  0.228961  7.1  87.50  3.33  2.1  20220329215718440.CI.TOW2
83  39974207  0.035928  7.6  60.36  13.09  3.0  20220322115940490.CI.KYV
84  39973167  0.427291  3.9  114.50  2.66  2.4  20220320223755660.CI.FDR
85  39973863  0.000010  20.9  66.34  9.90  2.3  20220321234144940.CI.SNR
86  39980479  0.038140  7.8  51.75  9.44  2.2  20220328134018000.CI.BOR
87  39969735  0.587015  6.2  94.61  11.78  2.5  20220317014656550.CI.SRA
88  39980279  0.035324  9.8  78.79  2.42  2.2  20220328080518810.CI.ISA
89  39969735  0.001664  2.7  89.19  11.78  2.5  20220317014656550.CI.TA2
90  39980279  0.022429  7.4  11.01  2.42  2.2  20220328080518810.CI.WMF
91  39971839  0.006737  1.6  90.29  8.32  2.0  20220319010427770.CI.LMR2
92  39973863  0.104627  6.1  36.03  9.90  2.3  20220321234144940.CI.SWP
93  39980479  0.009689  2.5  31.24  9.44  2.2  20220328134018000.CI.RHR
94  39974135  0.000089  1.6  63.87  7.40  3.3  20220322103338430.CI.BBR
95  39974975  0.000044  2.1  70.08  7.47  2.6  20220323015844750.CI.TA2
96  39981303  0.001536  7.6  69.42  8.54  2.7  20220329183543770.AZ.SND
97  39973183  0.000246  10.1  52.42  11.02  2.9  20220320233148540.CI.COA
98  39981367  0.071130  6.0  20.82  11.46  2.2  20220329190819980.AZ.LVA2
99  39974975  0.012583  0.9  100.73  7.47  2.6  20220323015844750.CI.CHR
100  39980479  0.000153  6.7  86.42  9.44  2.2  20220328134018000.CI.LYP
101  39980479  0.004732  9.0  53.93  9.44  2.2  20220328134018000.CI.PMD
102  39970959  0.001664  3.7  71.33  5.25  2.2  20220318092715930.CI.LRL
103  39974135  0.021901  7.6  110.36  7.40  3.3  20220322103338430.CI.TPO
104  39974135  0.990782  2.0  127.31  7.40  3.3  20220322103338430.CI.IDO
105  39971647  0.000002  9.9  114.45  7.93  2.8  20220318213015660.CI.GOR
106  39973479  0.002617  10.0  30.52  14.45  2.9  20220321160222860.CI.PDR
107  39981503  0.074393  8.4  65.79  3.33  2.1  20220329215718440.CI.WBM
108  39969735  0.004167  4.1  95.34  11.78  2.5  20220317014656550.CI.LKH
109  39980551  0.001291  13.4  31.24  7.56  2.1  20220328150039320.CI.SLA
110  39971647  0.077555  7.4  119.56  7.93  2.8  20220318213015660.CI.SNO
111  39969647  0.601794  0.8  24.46  2.07  2.2  20220316234635830.CI.TOW2
112  39969647  0.000023  9.6  112.49  2.07  2.2  20220316234635830.CI.FDR
113  39974975  0.164568  5.2  52.42  7.47  2.6  20220323015844750.CI.XTL2
114  39974135  0.062473  9.2  118.54  7.40  3.3  20220322103338430.CI.PMD
115  39973479  0.098097  10.0  74.27  14.45  2.9  20220321160222860.CI.MWC
116  39973479  0.000023  13.3  60.81  14.45  2.9  20220321160222860.CI.STC
117  39980551  0.004229  7.0  100.82  7.56  2.1  20220328150039320.CI.AVM
118  39971663  0.000250  6.2  97.79  6.43  2.9  20220318214828880.CI.WBM
119  39976295  0.002258  3.5  88.80  6.06  2.0  20220324015333340.CI.WOR
120  39979047  0.717622  6.3  24.40  10.15  2.3  20220326145853780.CI.MGE
121  39973167  0.165126  5.7  12.56  2.66  2.4  20220320223755660.CI.TOW2
122  39969647  0.024840  8.3  1.64  2.07  2.2  20220316234635830.CI.WCS2
123  39969815  0.172466  10.1  35.12  14.95  2.5  20220317045350680.BC.PESCX
124  39981367  0.083221  5.6  37.46  11.46  2.2  20220329190819980.CI.RHR
125  39974975  0.224118  1.8  75.55  7.47  2.6  20220323015844750.CI.PDU
126  39969735  0.015553  4.9  13.21  11.78  2.5  20220317014656550.CI.MSC
127  39974975  0.000016  21.8  99.65  7.47  2.6  20220323015844750.CI.ARV
128  39969735  0.002005  -1.6  67.98  11.78  2.5  20220317014656550.CI.JTH
129  39969647  0.005337  7.0  19.32  2.07  2.2  20220316234635830.PB.B918
130  39969439  0.016384  3.9  91.06  6.88  2.5  20220316175102390.NN.GWY
131  39969439  0.055132  5.3  13.47  6.88  2.5  20220316175102390.CI.CCC
132  39973167  0.024128  17.8  42.74  2.66  2.4  20220320223755660.PB.B921
133  39980983  0.037757  0.6  40.46  13.06  2.1  20220329063445330.CI.PALA
134  39969735  0.000648  12.6  72.66  11.78  2.5  20220317014656550.CI.VTV
135  39981503  0.000165  5.4  82.72  3.33  2.1  20220329215718440.CI.ABL
136  39969647  0.004973  15.3  61.59  2.07  2.2  20220316234635830.CI.LRL
137  39979047  0.054370  10.0  83.65  10.15  2.3  20220326145853780.CI.SLB
138  39970959  0.722613  7.3  4.07  5.25  2.2  20220318092715930.CI.WMF
139  39969735  0.202090  10.7  81.15  11.78  2.5  20220317014656550.CI.THM
140  39973167  0.002506  4.9  78.81  2.66  2.4  20220320223755660.CI.WAS2
141  39969647  0.001819  3.7  100.13  2.07  2.2  20220316234635830.CI.TEH
142  39973183  0.000494  1.7  61.67  11.02  2.9  20220320233148540.CI.SLH
143  39981503  0.165184  7.7  100.33  3.33  2.1  20220329215718440.CI.CLC
144  39974135  0.000167  13.6  113.50  7.40  3.3  20220322103338430.CI.MGE
145  39973455  0.929883  5.3  80.49  6.86  2.4  20220321150940730.BC.SJX
146  39974207  0.000582  13.8  33.38  13.09  3.0  20220322115940490.CI.PLM
147  39981303  0.026258  2.9  89.76  8.54  2.7  20220329183543770.CI.BEL
148  39974207  0.000013  0.2  112.16  13.09  3.0  20220322115940490.BC.RMX
149  37406524  0.763045  10.1  16.67  1.57  2.3  20220328152430320.CI.WMD
150  39970343  0.001509  8.6  57.68  6.49  2.1  20220317184856910.CI.RKMO
151  39969439  0.006283  6.0  98.61  6.88  2.5  20220316175102390.CI.TEH
152  39974207  0.127409  7.7  97.24  13.09  3.0  20220322115940490.CI.RVR
153  39973167  0.003023  3.7  66.98  2.66  2.4  20220320223755660.CI.KRV3
154  39979047  0.025495  3.6  84.86  10.15  2.3  20220326145853780.CI.LKH
155  39974975  0.000023  9.2  105.17  7.47  2.6  20220323015844750.CI.LMS
156  39969735  0.016720  5.8  69.29  11.78  2.5  20220317014656550.CI.LMS
157  39978855  0.000034  2.2  98.28  14.85  2.3  20220326063007660.CI.GLA
158  39971663  0.000161  8.7  68.10  6.43  2.9  20220318214828880.PB.B918
159  39980279  0.021936  6.2  98.46  2.42  2.2  20220328080518810.CI.FUR
160  39970959  0.213611  -0.1  96.01  5.25  2.2  20220318092715930.PB.B917
161  39971839  0.044012  6.5  60.15  8.32  2.0  20220319010427770.CI.SRT
162  39969439  0.014305  11.0  29.63  6.88  2.5  20220316175102390.PB.B917
163  39980759  0.004504  9.3  31.27  6.78  2.0  20220328190009580.PB.B917
164  39971663  0.002470  8.5  82.08  6.43  2.9  20220318214828880.CI.SHR
165  39971839  0.001128  -3.0  81.33  8.32  2.0  20220319010427770.CI.WMF
166  39980479  0.033458  17.3  13.88  9.44  2.2  20220328134018000.CI.PALA
167  39974135  0.000725  8.1  60.47  7.40  3.3  20220322103338430.CI.MUR
168  39981503  0.223602  7.6  87.18  3.33  2.1  20220329215718440.CI.LMR2
169  37406524  0.872717  8.8  24.02  1.57  2.3  20220328152430320.CI.FRK
170  39973183  0.011074  2.4  95.37  11.02  2.9  20220320233148540.CI.IDO
171  39974207  0.007597  11.4  102.49  13.09  3.0  20220322115940490.CI.RKMO
172  39980279  0.968090  4.1  111.43  2.42  2.2  20220328080518810.CI.TEH
173  39969647  0.008710  8.5  20.91  2.07  2.2  20220316234635830.PB.B916
174  39969439  0.008993  9.2  36.93  6.88  2.5  20220316175102390.PB.B918
175  39974975  0.002530  5.1  92.78  7.47  2.6  20220323015844750.CI.CJM
176  39980759  0.490262  9.2  97.59  6.78  2.0  20220328190009580.CI.EDW2
177  39980759  0.061065  7.7  71.96  6.78  2.0  20220328190009580.CI.WOR
178  39981407  0.022258  9.9  105.76  6.26  2.1  20220329194745720.CI.SPG2
179  39980279  0.021062  9.2  29.59  2.42  2.2  20220328080518810.CI.DAW
180  39974975  0.001451  10.5  93.78  7.47  2.6  20220323015844750.CI.PLS
181  39976295  0.006092  6.2  79.09  6.06  2.0  20220324015333340.CI.SHR
182  39979047  0.167441  7.0  88.56  10.15  2.3  20220326145853780.CI.SRA
183  39980479  0.008410  5.6  97.78  9.44  2.2  20220328134018000.CI.SLB
184  39969439  0.592885  6.8  72.04  6.88  2.5  20220316175102390.CI.DAW
185  39980279  0.132370  3.4  111.49  2.42  2.2  20220328080518810.CI.FDR
186  39974135  0.000107  -2.9  79.31  7.40  3.3  20220322103338430.CI.SOL2
187  39973183  0.001033  6.2  108.95  11.02  2.9  20220320233148540.CI.LKH
188  39971663  0.020340  2.6  81.70  6.43  2.9  20220318214828880.CI.SPG2
189  39974135  0.000892  8.1  39.22  7.40  3.3  20220322103338430.CI.PER
190  39974975  0.005306  7.2  20.77  7.47  2.6  20220323015844750.CI.SOL2
191  39971663  0.018980  5.9  13.18  6.43  2.9  20220318214828880.CI.CGO
192  39980583  0.010345  -1.1  57.62  2.28  3.0  20220328152432130.CI.COA
193  39981383  0.000540  1.7  71.94  18.12  2.1  20220329192701520.CI.SDR
194  39971647  0.003531  4.5  86.47  7.93  2.8  20220318213015660.CI.PSD
195  39981407  0.670388  6.8  8.37  6.26  2.1  20220329194745720.CI.CLC
196  39976295  0.813922  18.5  51.75  6.06  2.0  20220324015333340.CI.WCS2
197  39971647  0.563372  12.5  41.10  7.93  2.8  20220318213015660.CI.FRK
198  39974975  0.000211  9.5  71.12  7.47  2.6  20220323015844750.CI.SBB2
199  37406524  0.019386  5.8  47.51  1.57  2.3  20220328152430320.CI.CRR
200  39980583  0.038517  -1.3  78.61  2.28  3.0  20220328152432130.CI.CKP
201  39980479  0.001775  2.5  41.82  9.44  2.2  20220328134018000.CI.SLR
202  39980759  0.002784  3.6  69.50  6.78  2.0  20220328190009580.CI.GSC
203  39969735  0.062932  11.6  47.58  11.78  2.5  20220317014656550.CI.PER
204  39981407  0.032159  0.3  34.84  6.26  2.1  20220329194745720.CI.WBM
205  39969735  0.003049  9.0  42.10  11.78  2.5  20220317014656550.CI.GMA
206  39980479  0.971504  4.9  51.14  9.44  2.2  20220328134018000.CI.ELS2
207  39971663  0.119504  3.3  92.47  6.43  2.9  20220318214828880.CI.WOR
208  39981367  0.009681  10.2  85.14  11.46  2.2  20220329190819980.CI.LMS
209  39970959  0.276396  6.6  99.93  5.25  2.2  20220318092715930.CI.POR
210  39971839  0.000089  5.7  59.98  8.32  2.0  20220319010427770.CI.ARV
211  39973863  0.001731  5.7  78.12  9.90  2.3  20220321234144940.CI.LYP
212  39971647  0.000368  9.6  102.42  7.93  2.8  20220318213015660.CI.SLR
213  39974135  0.000014  5.5  152.17  7.40  3.3  20220322103338430.CI.STC
214  39976295  0.003493  2.6  96.66  6.06  2.0  20220324015333340.CI.WAS2
215  39980983  0.048109  6.9  77.81  13.06  2.1  20220329063445330.CI.BEL
216  39974207  0.038883  11.2  67.61  13.09  3.0  20220322115940490.CI.BLA2
217  39973183  0.067898  11.7  58.57  11.02  2.9  20220320233148540.CI.SWP
218  39974207  0.000021  9.3  92.94  13.09  3.0  20220322115940490.CI.LMS
219  39980279  0.026152  8.7  113.26  2.42  2.2  20220328080518810.CI.VES
220  39973863  0.114053  7.4  65.20  9.90  2.3  20220321234144940.CI.PMD
221  39973863  0.000010  4.2  81.69  9.90  2.3  20220321234144940.CI.DPP
222  39980023  0.000011  9.7  158.28  16.24  2.3  20220327200134190.CI.BLY
223  39969439  0.061614  9.5  25.47  6.88  2.5  20220316175102390.CI.CLC
224  39971839  0.026962  8.8  78.03  8.32  2.0  20220319010427770.CI.CLC
225  39974207  0.009146  11.4  85.63  13.09  3.0  20220322115940490.CI.SWP
226  39979047  0.182459  -3.3  86.03  10.15  2.3  20220326145853780.CI.RAG
227  39969735  0.714910  9.0  86.72  11.78  2.5  20220317014656550.CI.RAG
228  39974135  0.003328  9.1  107.46  7.40  3.3  20220322103338430.CI.WWC
229  39969735  0.168568  6.8  27.17  11.78  2.5  20220317014656550.CI.BBS
230  39973167  0.000349  3.3  98.69  2.66  2.4  20220320223755660.NN.GWY
231  39973167  0.000083  6.4  111.70  2.66  2.4  20220320223755660.SN.HEL
232  39980983  0.135092  5.2  46.95  13.06  2.1  20220329063445330.CI.TOR
233  39971839  0.013141  13.8  28.35  8.32  2.0  20220319010427770.CI.KRV3
234  39981407  0.724882  5.3  77.05  6.26  2.1  20220329194745720.CI.CGO
235  39971647  0.008279  7.3  34.14  7.93  2.8  20220318213015660.CI.CRR
236  39974207  0.000376  10.1  95.73  13.09  3.0  20220322115940490.CI.CWP
237  39974135  0.103468  1.8  69.89  7.40  3.3  20220322103338430.CI.SNO
238  39974207  0.000912  -4.9  67.52  13.09  3.0  20220322115940490.CI.SNO
239  39980479  0.000097  10.9  52.33  9.44  2.2  20220328134018000.CI.DPP
240  39974135  0.000003  3.2  127.07  7.40  3.3  20220322103338430.CI.MTG
241  39979047  0.002764  5.6  75.41  10.15  2.3  20220326145853780.CI.PLM
242  39980583  0.002301  2.1  69.58  2.28  3.0  20220328152432130.CI.ACP
243  39980983  0.001253  4.1  70.59  13.06  2.1  20220329063445330.CI.BBR
244  39973183  0.000239  1.3  72.47  11.02  2.9  20220320233148540.CI.GLA
245  39971663  0.000065  14.7  130.48  6.43  2.9  20220318214828880.CI.FDR
246  39980479  0.000120  8.4  29.78  9.44  2.2  20220328134018000.AZ.SND
247  39980279  0.071788  11.3  76.90  2.42  2.2  20220328080518810.CI.SPG2
248  39973183  0.002193  7.2  74.38  11.02  2.9  20220320233148540.CI.THM
249  39973479  0.000176  4.5  104.99  14.45  2.9  20220321160222860.CI.HOL
250  39971647  0.000556  2.5  74.42  7.93  2.8  20220318213015660.CI.CSH
251  39981303  0.013538  4.2  88.71  8.54  2.7  20220329183543770.CI.LYP
252  39973479  0.405397  3.8  49.11  14.45  2.9  20220321160222860.CI.GR2
253  39974207  0.008974  5.6  20.03  13.09  3.0  20220322115940490.CI.CSH
254  39974207  0.011587  3.6  40.36  13.09  3.0  20220322115940490.CI.SLH
255  39973167  0.020682  7.1  37.47  2.66  2.4  20220320223755660.CI.WBM
256  39981367  0.000087  -2.0  75.44  11.46  2.2  20220329190819980.CI.PLR
257  39974135  0.093476  3.2  68.33  7.40  3.3  20220322103338430.CI.GR2
258  39974207  0.109041  9.6  46.70  13.09  3.0  20220322115940490.CI.THM
259  39973863  0.005229  0.2  78.38  9.90  2.3  20220321234144940.BC.TKX
260  39979047  0.011282  2.2  53.90  10.15  2.3  20220326145853780.CI.TOR
261  39980479  0.945817  15.0  52.00  9.44  2.2  20220328134018000.CI.PSD
262  39974135  0.006220  8.7  39.48  7.40  3.3  20220322103338430.CI.LUG
263  39981367  0.069797  5.5  59.89  11.46  2.2  20220329190819980.CI.SLR
264  39973167  0.002362  14.5  48.21  2.66  2.4  20220320223755660.CI.LRL
265  39974407  0.000001  9.7  96.03  11.48  2.4  20220322153853770.CI.CRR
266  39973183  0.033125  -1.1  78.14  11.02  2.9  20220320233148540.CI.BOR
267  39973863  0.454814  2.9  34.77  9.90  2.3  20220321234144940.CI.RCR
268  39981303  0.000070  10.5  98.74  8.54  2.7  20220329183543770.CI.RUN
269  39970959  0.003307  2.8  54.42  5.25  2.2  20220318092715930.CI.WBM
270  39974207  0.008259  1.1  24.01  13.09  3.0  20220322115940490.CI.RCR
271  39980983  0.002193  5.6  84.66  13.06  2.1  20220329063445330.CI.EML
272  39973863  0.136779  7.9  45.42  9.90  2.3  20220321234144940.CI.SLB
273  39980479  0.000507  -1.8  68.04  9.44  2.2  20220328134018000.CI.RKMO
274  39974975  0.001140  6.8  67.82  7.47  2.6  20220323015844750.CI.TPO
275  39969735  0.005920  7.7  84.10  11.78  2.5  20220317014656550.CI.PLS
276  39974207  0.000010  13.0  98.56  13.09  3.0  20220322115940490.CI.DZA
277  39980983  0.000001  3.3  43.73  13.06  2.1  20220329063445330.CI.WWC
278  39974135  0.002580  1.6  27.74  7.40  3.3  20220322103338430.CI.CJM
279  39981303  0.001036  17.5  34.99  8.54  2.7  20220329183543770.CI.SLB
280  39973863  0.067556  9.3  104.62  9.90  2.3  20220321234144940.BC.CBX
281  39974207  0.000299  5.8  85.88  13.09  3.0  20220322115940490.CI.JTH
282  39981303  0.173395  0.3  89.25  8.54  2.7  20220329183543770.BC.TKX
283  39970959  0.336409  11.3  54.71  5.25  2.2  20220318092715930.CI.WOR
284  39981367  0.007021  6.7  37.89  11.46  2.2  20220329190819980.AZ.RDM
285  39971663  0.068998  6.1  147.68  6.43  2.9  20220318214828880.SN.AMD
286  39971647  0.000424  3.8  3.22  7.93  2.8  20220318213015660.CI.PLR
287  39974207  0.002139  9.9  106.14  13.09  3.0  20220322115940490.CI.PLS
288  39980583  0.067447  7.0  62.94  2.28  3.0  20220328152432130.CI.SWP
289  39980551  0.000020  1.8  32.35  7.56  2.1  20220328150039320.CI.TOW2
290  39978855  0.000178  7.4  125.41  14.85  2.3  20220326063007660.CI.ACP
291  39978919  0.000000  1.3  79.69  15.50  2.5  20220326113224200.CI.VOG
292  39974135  0.069178  12.4  32.17  7.40  3.3  20220322103338430.CI.SRN
293  39969439  0.009010  9.9  36.51  6.88  2.5  20220316175102390.CI.TOW2
294  39971663  0.005140  15.0  134.61  6.43  2.9  20220318214828880.PB.B917
295  39974135  0.008015  6.0  126.42  7.40  3.3  20220322103338430.CI.LDR
296  39973183  0.004033  1.8  61.67  11.02  2.9  20220320233148540.CI.BC3
297  39981303  0.003758  6.3  92.41  8.54  2.7  20220329183543770.AZ.RDM
298  39973455  0.000119  3.1  25.47  6.86  2.4  20220321150940730.BC.PESCX
299  39973167  0.000135  4.2  67.15  2.66  2.4  20220320223755660.CI.CWC
300  39981303  0.054395  10.2  23.39  8.54  2.7  20220329183543770.CI.SLH
301  39974207  0.054876  9.3  13.57  13.09  3.0  20220322115940490.AZ.LVA2
302  39971839  0.041250  12.4  25.96  8.32  2.0  20220319010427770.CI.TEH
303  39971647  0.000067  10.1  42.90  7.93  2.8  20220318213015660.CI.WMD
304  39980983  0.263062  8.4  50.83  13.06  2.1  20220329063445330.CI.BOR
305  39971647  0.000047  5.3  34.17  7.93  2.8  20220318213015660.CI.RCR
306  39980583  0.006031  8.1  90.64  2.28  3.0  20220328152432130.AZ.LVA2
307  39978855  0.000223  1.8  76.38  14.85  2.3  20220326063007660.CI.YUH2
308  39973863  0.000261  8.6  98.36  9.90  2.3  20220321234144940.CI.BEL
309  39981383  0.021405  6.0  93.50  18.12  2.1  20220329192701520.CI.LKH
310  39980479  0.000544  4.4  60.20  9.44  2.2  20220328134018000.CI.CWP
311  39981383  0.000977  3.0  89.85  18.12  2.1  20220329192701520.CI.LYP
312  39969439  0.086238  12.3  42.73  6.88  2.5  20220316175102390.CI.WBM
313  39969735  0.005480  13.7  33.49  11.78  2.5  20220317014656550.CI.JVA
314  39974975  0.094532  6.8  69.89  7.47  2.6  20220323015844750.CI.LJR
315  39971663  0.217490  7.5  76.95  6.43  2.9  20220318214828880.CI.TOW2
316  39981503  0.016704  8.6  56.40  3.33  2.1  20220329215718440.CI.TPO
317  39971663  0.000371  5.4  126.44  6.43  2.9  20220318214828880.CI.VES
318  39973863  0.000072  7.2  56.34  9.90  2.3  20220321234144940.CI.CYP
319  39981407  0.000118  7.6  73.82  6.26  2.1  20220329194745720.CI.CWC
320  39981303  0.048062  3.9  91.25  8.54  2.7  20220329183543770.CI.WWC
321  39973455  0.000417  8.0  53.90  6.86  2.4  20220321150940730.CI.SGL
322  39974975  0.001204  1.3  98.63  7.47  2.6  20220323015844750.CI.CIA
323  39974207  0.149179  9.9  94.79  13.09  3.0  20220322115940490.CI.BBR
324  39971663  0.000054  4.6  105.56  6.43  2.9  20220318214828880.CI.POR
325  39969647  0.006384  5.7  83.85  2.07  2.2  20220316234635830.PB.B917
326  39971647  0.000596  11.0  40.52  7.93  2.8  20220318213015660.CI.NSS2
327  39973863  0.001654  1.6  90.18  9.90  2.3  20220321234144940.CI.KYV
328  39971663  0.000391  9.6  111.64  6.43  2.9  20220318214828880.NN.QSM
329  39973183  0.294175  5.7  8.44  11.02  2.9  20220320233148540.CI.WMD
330  39974167  0.355964  1.0  11.15  5.83  2.3  20220322113310610.CI.SCI2
331  39980551  0.000923  13.2  33.01  7.56  2.1  20220328150039320.PB.B917
332  39980759  0.000479  1.7  34.06  6.78  2.0  20220328190009580.CI.TOW2
333  39973183  0.024336  2.1  67.54  11.02  2.9  20220320233148540.CI.CTW
334  39974207  0.025674  5.3  86.98  13.09  3.0  20220322115940490.CI.HAY
335  39980983  0.930497  7.3  57.75  13.06  2.1  20220329063445330.CI.RHR
336  39974207  0.481734  4.5  76.94  13.09  3.0  20220322115940490.CI.ERR
337  39969735  0.001595  10.7  101.45  11.78  2.5  20220317014656550.CI.PEM
338  39973479  0.022660  2.0  97.35  14.45  2.9  20220321160222860.CI.LRR2
339  39980279  0.001363  12.7  39.47  2.42  2.2  20220328080518810.CI.CGO
340  39969735  0.147951  4.2  91.99  11.78  2.5  20220317014656550.CI.RCR
341  39974207  0.001518  15.7  32.04  13.09  3.0  20220322115940490.CI.MTG
342  39974135  0.007067  1.4  129.16  7.40  3.3  20220322103338430.CI.CCA
343  39980479  0.000946  8.9  35.64  9.44  2.2  20220328134018000.CI.CSH
344  39981503  0.000051  2.6  70.52  3.33  2.1  20220329215718440.CI.FOX2
345  39971647  0.012865  5.0  98.26  7.93  2.8  20220318213015660.CI.PALA
346  39971663  0.005103  8.3  53.54  6.43  2.9  20220318214828880.CI.WCS2
347  39970959  0.000685  3.7  105.58  5.25  2.2  20220318092715930.CI.CCA
348  39973455  0.023180  8.0  76.68  6.86  2.4  20220321150940730.BC.RMX
349  39969735  0.001961  13.3  67.41  11.78  2.5  20220317014656550.CI.MUR
350  39971663  0.775556  5.0  80.46  6.43  2.9  20220318214828880.CI.CLC
351  39974975  0.021961  7.8  22.69  7.47  2.6  20220323015844750.CI.GR2
352  39974975  0.003433  11.6  120.87  7.47  2.6  20220323015844750.CI.DTP
353  39970959  0.352534  -0.4  106.75  5.25  2.2  20220318092715930.CI.FDR
354  39971839  0.062707  6.9  59.18  8.32  2.0  20220319010427770.CI.LDR
355  39969647  0.095288  1.0  65.16  2.07  2.2  20220316234635830.CI.KRV3
356  39974135  0.000785  6.9  123.69  7.40  3.3  20220322103338430.CI.OSI
357  39974207  0.022989  12.8  11.47  13.09  3.0  20220322115940490.AZ.TRO
358  39969735  0.000019  7.1  78.51  11.78  2.5  20220317014656550.CI.NBS
359  39980583  0.068659  9.0  75.87  2.28  3.0  20220328152432130.CI.BOR
360  39981407  0.071558  6.4  103.24  6.26  2.1  20220329194745720.CI.LMR2
361  39971663  0.040659  1.9  100.77  6.43  2.9  20220318214828880.CI.WAS2
362  39979047  0.902744  14.8  51.92  10.15  2.3  20220326145853780.AZ.TRO
363  39970343  0.000251  2.0  61.30  6.49  2.1  20220317184856910.CI.PSR
364  39978855  0.000061  5.1  62.50  14.85  2.3  20220326063007660.CI.SGL
365  39980983  0.208946  7.0  59.62  13.06  2.1  20220329063445330.CI.KYV
366  39980279  0.000001  -2.0  101.70  2.42  2.2  20220328080518810.SN.HEL
367  39971663  0.260742  7.7  95.54  6.43  2.9  20220318214828880.CI.FUR
368  39976295  0.003330  3.8  133.48  6.06  2.0  20220324015333340.PB.B917
369  39971647  0.998339  15.6  33.43  7.93  2.8  20220318213015660.CI.SWS
370  39974975  0.119470  -0.6  5.41  7.47  2.6  20220323015844750.CI.LFP
371  39981503  0.000241  -0.1  35.25  3.33  2.1  20220329215718440.CI.ARV
372  39971647  0.743543  7.0  65.65  7.93  2.8  20220318213015660.CI.SGL
373  39973479  0.032826  13.6  36.27  14.45  2.9  20220321160222860.CI.RPV
374  39978919  0.001753  2.3  81.31  15.50  2.5  20220326113224200.CI.CAR
375  37406524  0.241822  1.5  32.36  1.57  2.3  20220328152430320.CI.SWS
376  39973863  0.597696  3.9  77.69  9.90  2.3  20220321234144940.CI.PLM
377  39969735  0.000172  0.4  79.74  11.78  2.5  20220317014656550.AZ.SMER
378  39969735  0.067307  7.4  52.70  11.78  2.5  20220317014656550.CI.CSH
379  39974135  0.000000  -2.4  130.12  7.40  3.3  20220322103338430.CI.DPP
380  39970959  0.462300  4.1  101.51  5.25  2.2  20220318092715930.CI.TEH
381  39973863  0.000117  8.5  48.63  9.90  2.3  20220321234144940.CI.JEM
382  39980583  0.001698  8.7  58.20  2.28  3.0  20220328152432130.CI.HAY
383  39980759  0.044264  10.8  27.77  6.78  2.0  20220328190009580.CI.SRT
384  39981367  0.116401  13.4  53.85  11.46  2.2  20220329190819980.CI.PMD
385  39980023  0.000670  7.1  76.14  16.24  2.3  20220327200134190.CI.GLA
386  39973183  0.141671  5.2  127.15  11.02  2.9  20220320233148540.BC.SJX
387  39969647  0.000024  10.8  110.26  2.07  2.2  20220316234635830.CI.POR
388  39974135  0.946921  8.2  52.90  7.40  3.3  20220322103338430.CI.CHF
389  39974135  0.000024  1.2  100.33  7.40  3.3  20220322103338430.CI.CSH
390  39980479  0.000688  7.8  63.48  9.44  2.2  20220328134018000.CI.SNO
391  39979047  0.075950  8.4  11.32  10.15  2.3  20220326145853780.CI.MSC
392  39980583  0.002906  6.0  75.38  2.28  3.0  20220328152432130.CI.IKP
393  39973863  0.000808  8.3  65.11  9.90  2.3  20220321234144940.CI.CTW
394  39980759  0.244129  8.8  39.99  6.78  2.0  20220328190009580.CI.WBM
395  39969735  0.001784  7.5  60.85  11.78  2.5  20220317014656550.CI.IDO
396  39973863  0.005611  5.3  51.82  9.90  2.3  20220321234144940.CI.FRK
397  39980983  0.006577  4.5  26.57  13.06  2.1  20220329063445330.CI.HMT2
398  39979047  0.001936  -5.8  89.27  10.15  2.3  20220326145853780.CI.ELS2
399  39969735  0.784132  13.1  56.71  11.78  2.5  20220317014656550.CI.RVR
400  39974135  0.499760  3.3  100.30  7.40  3.3  20220322103338430.CI.EDW2
401  39970455  0.163099  14.2  108.86  8.80  2.8  20220317202110650.CI.STC
402  39974975  0.077417  5.1  45.28  7.47  2.6  20220323015844750.CI.LRR2
403  39971839  0.004041  3.8  63.61  8.32  2.0  20220319010427770.CI.LRL
404  39969735  0.625758  2.6  85.82  11.78  2.5  20220317014656550.CI.SUN
405  39974207  0.010007  6.8  90.14  13.09  3.0  20220322115940490.CI.SDR
406  39980583  0.001658  10.7  74.47  2.28  3.0  20220328152432130.CI.GLA
407  39973183  0.000013  9.6  118.65  11.02  2.9  20220320233148540.CI.WWC
408  39980279  0.000352  4.6  58.77  2.42  2.2  20220328080518810.CI.SRT
409  39973183  0.447370  12.6  59.78  11.02  2.9  20220320233148540.CI.YUH2
410  39973183  0.021212  17.7  82.27  11.02  2.9  20220320233148540.CI.CKP
411  39973479  0.111798  4.8  51.97  14.45  2.9  20220321160222860.CI.SBI
412  39974207  0.001299  4.3  75.93  13.09  3.0  20220322115940490.CI.PER
413  39980479  0.008964  8.2  35.71  9.44  2.2  20220328134018000.AZ.LVA2
414  39981503  0.000016  2.7  100.91  3.33  2.1  20220329215718440.PB.B921
415  39974207  0.026869  9.0  61.18  13.09  3.0  20220322115940490.CI.ACP
416  39973183  0.004077  7.6  93.59  11.02  2.9  20220320233148540.CI.PMD
417  39980551  0.007138  -6.4  99.43  7.56  2.1  20220328150039320.CI.WAS2
418  39981303  0.045544  10.1  18.77  8.54  2.7  20220329183543770.CI.ERR
419  39980583  0.000204  8.4  97.57  2.28  3.0  20220328152432130.CI.KYV
420  39969735  0.003319  12.4  100.11  11.78  2.5  20220317014656550.CI.MTG
421  39978855  0.000565  5.0  69.96  14.85  2.3  20220326063007660.BC.SJX
422  39980583  0.000338  -11.9  68.19  2.28  3.0  20220328152432130.CI.RCR
423  39981503  0.001487  1.6  78.63  3.33  2.1  20220329215718440.CI.LRL
424  39973167  0.290753  12.7  41.19  2.66  2.4  20220320223755660.CI.DAW
425  39980583  0.001217  5.0  16.28  2.28  3.0  20220328152432130.CI.WMD
426  39974207  0.004524  7.1  63.80  13.09  3.0  20220322115940490.CI.MSC
427  39971647  0.002084  11.5  112.62  7.93  2.8  20220318213015660.AZ.SMER
428  39969735  0.010687  7.4  52.09  11.78  2.5  20220317014656550.AZ.RDM
429  39980279  0.031921  0.4  40.92  2.42  2.2  20220328080518810.PB.B918
430  39980759  0.799746  2.0  99.08  6.78  2.0  20220328190009580.CI.AVM
431  39980583  0.012848  5.9  88.69  2.28  3.0  20220328152432130.CI.IDO
432  39970455  0.000762  8.3  106.33  8.80  2.8  20220317202110650.CI.DJJ
433  39969439  0.399495  3.6  96.83  6.88  2.5  20220316175102390.CI.AVM
434  39973167  0.965587  0.5  10.29  2.66  2.4  20220320223755660.PB.B918
435  39979047  0.056196  12.5  46.53  10.15  2.3  20220326145853780.CI.BBR
436  39969647  0.309666  1.0  37.41  2.07  2.2  20220316234635830.CI.SRT
437  39974975  0.032211  11.5  61.68  7.47  2.6  20220323015844750.CI.PSR
438  39978855  0.428307  7.5  34.96  14.85  2.3  20220326063007660.BC.PESCX
439  39970455  0.021175  8.8  65.43  8.80  2.8  20220317202110650.CI.SCI2
440  39974135  0.514770  0.8  84.64  7.40  3.3  20220322103338430.CI.MSC
441  39980983  0.004842  7.0  21.74  13.06  2.1  20220329063445330.CI.SLR
442  39973167  0.000009  9.0  72.68  2.66  2.4  20220320223755660.CI.DTP
443  39979047  0.003318  9.7  56.84  10.15  2.3  20220326145853780.CI.THM
444  39974135  0.001154  7.4  68.11  7.40  3.3  20220322103338430.CI.LRR2
445  37406524  0.006462  14.0  63.33  1.57  2.3  20220328152430320.CI.RUN
446  39980279  0.000594  1.3  79.77  2.42  2.2  20220328080518810.PB.B921
447  39969439  0.624218  9.4  95.48  6.88  2.5  20220316175102390.CI.ISA
448  39970343  0.000187  1.0  94.31  6.49  2.1  20220317184856910.CI.TA2
449  39976295  0.046059  3.9  39.51  6.06  2.0  20220324015333340.CI.DAW
450  39978855  0.000190  6.0  91.40  14.85  2.3  20220326063007660.CI.IKP
451  39974135  0.306306  6.3  77.14  7.40  3.3  20220322103338430.CI.FMP
452  39971647  0.065873  8.2  82.04  7.93  2.8  20220318213015660.CI.PLM
453  39974135  0.145718  2.5  98.87  7.40  3.3  20220322103338430.CI.LMR2
454  39973863  0.002194  7.2  54.00  9.90  2.3  20220321234144940.CI.YUH2
455  39980583  0.037927  5.4  31.57  2.28  3.0  20220328152432130.CI.IMP
456  39973167  0.035817  6.9  100.16  2.66  2.4  20220320223755660.CI.SPG2
457  39970959  0.031998  7.4  162.98  5.25  2.2  20220318092715930.CI.AVM
458  39979047  0.011348  5.9  79.90  10.15  2.3  20220326145853780.CI.BOR
459  39971839  0.090170  8.0  28.68  8.32  2.0  20220319010427770.CI.WAS2
460  39970455  0.043919  1.6  87.84  8.80  2.8  20220317202110650.CI.FMP
461  39974975  0.002019  6.4  102.25  7.47  2.6  20220323015844750.CI.RKMO
462  39970959  0.008827  4.9  72.07  5.25  2.2  20220318092715930.CI.WAS2
463  39981367  0.002099  2.7  33.40  11.46  2.2  20220329190819980.CI.BOR
464  39970343  0.020982  6.1  85.43  6.49  2.1  20220317184856910.CI.SOL2
465  39973183  0.000187  10.4  71.71  11.02  2.9  20220320233148540.CI.RCR
466  39973863  0.583214  8.1  104.19  9.90  2.3  20220321234144940.CI.RHR
467  39980551  0.339119  4.4  26.34  7.56  2.1  20220328150039320.CI.SRT
468  39970959  0.000238  3.0  107.69  5.25  2.2  20220318092715930.SN.HEL
469  39971839  0.008094  -2.0  21.89  8.32  2.0  20220319010427770.CI.WBS
470  39979047  0.000202  1.3  84.97  10.15  2.3  20220326145853780.CI.LMS
471  39981303  0.042323  4.3  66.32  8.54  2.7  20220329183543770.CI.CYP
472  39970959  0.033701  5.3  68.93  5.25  2.2  20220318092715930.PB.B921
473  39971647  0.015165  7.1  23.40  7.93  2.8  20220318213015660.CI.SLH
474  39981367  0.252530  9.2  47.76  11.46  2.2  20220329190819980.CI.LUS
475  39969815  0.003331  4.3  75.25  14.95  2.5  20220317045350680.CI.YUH2
476  39974135  0.001558  12.8  147.74  7.40  3.3  20220322103338430.CI.RAG
477  39981303  0.000524  9.1  90.19  8.54  2.7  20220329183543770.CI.DPP
478  39974207  0.003872  8.1  64.93  13.09  3.0  20220322115940490.CI.BBS
479  39971663  0.271335  7.4  75.44  6.43  2.9  20220318214828880.CI.GRA
480  39974135  0.033248  0.5  31.04  7.40  3.3  20220322103338430.CI.PEM
481  39980759  0.319829  10.1  31.74  6.78  2.0  20220328190009580.CI.SLA
482  39980279  0.306625  8.0  78.06  2.42  2.2  20220328080518810.CI.WAS2
483  39970959  0.000281  7.6  41.24  5.25  2.2  20220318092715930.CI.CLC
484  39973479  0.040375  9.8  90.67  14.45  2.9  20220321160222860.CI.CJV2
485  39980583  0.005415  6.6  88.10  2.28  3.0  20220328152432130.CI.PMD
486  39980983  0.019916  9.4  69.40  13.06  2.1  20220329063445330.CI.LMS
487  39981367  0.001045  9.8  74.60  11.46  2.2  20220329190819980.CI.PER
488  39980023  0.020020  2.7  80.83  16.24  2.3  20220327200134190.CI.CDD
489  39971647  0.005064  3.0  61.00  7.93  2.8  20220318213015660.CI.YUH2
490  39974135  0.001317  9.0  104.15  7.40  3.3  20220322103338430.CI.GOR
491  39981303  0.006717  -0.1  65.45  8.54  2.7  20220329183543770.CI.SGL
492  39979047  0.930239  5.0  47.79  10.15  2.3  20220326145853780.AZ.RDM
493  39973479  0.494770  6.1  70.29  14.45  2.9  20220321160222860.CI.SES
494  39973479  0.001109  10.2  100.16  14.45  2.9  20220321160222860.CI.RYS
495  39980023  0.002630  1.0  62.42  16.24  2.3  20220327200134190.CI.RUN
496  39969647  0.000049  3.3  90.56  2.07  2.2  20220316234635830.CI.SPG2
497  39973183  0.000504  4.4  26.37  11.02  2.9  20220320233148540.CI.SWS
498  39973863  0.015973  7.5  75.94  9.90  2.3  20220321234144940.CI.EML
499  39981303  0.004779  2.8  3.09  8.54  2.7  20220329183543770.CI.PLR
500  39970455  0.005517  5.6  116.21  8.80  2.8  20220317202110650.CI.GR2
501  39969735  0.186438  6.8  93.93  11.78  2.5  20220317014656550.CI.CWP
502  39979047  0.002262  10.3  40.08  10.15  2.3  20220326145853780.CI.PMD
503  39974135  0.006802  0.3  38.73  7.40  3.3  20220322103338430.CI.XTL2
504  39976295  0.042402  9.2  92.99  6.06  2.0  20220324015333340.SN.HEL
505  39974207  0.000030  5.2  41.37  13.09  3.0  20220322115940490.CI.MGE
506  39974207  0.002761  8.4  100.37  13.09  3.0  20220322115940490.BC.TKX
507  39971839  0.364170  11.5  56.30  8.32  2.0  20220319010427770.CI.DTP
508  39969815  0.000293  8.0  96.11  14.95  2.5  20220317045350680.CI.CRR
509  39973183  0.007876  4.0  60.13  11.02  2.9  20220320233148540.CI.RUN
510  39974207  0.001154  0.6  95.31  13.09  3.0  20220322115940490.CI.MCT
511  39969647  0.001651  10.6  28.94  2.07  2.2  20220316234635830.CI.CLC
512  39971647  0.041746  6.8  66.44  7.93  2.8  20220318213015660.CI.CYP
513  39980759  0.011609  4.5  110.87  6.78  2.0  20220328190009580.CI.SBB2
514  39981383  0.000125  12.5  49.89  18.12  2.1  20220329192701520.CI.LUS
515  39973863  0.041546  3.5  91.18  9.90  2.3  20220321234144940.CI.SDR
516  39974207  0.075395  6.4  49.40  13.09  3.0  20220322115940490.CI.PGA
517  39976295  0.001383  2.0  120.14  6.06  2.0  20220324015333340.NN.GWY
518  39971647  0.000314  -0.3  69.30  7.93  2.8  20220318213015660.AZ.SND
519  39970959  0.051750  7.4  95.91  5.25  2.2  20220318092715930.CI.SHR
520  39980279  0.004408  -2.3  98.94  2.42  2.2  20220328080518810.CI.POR
521  39981367  0.004504  6.5  63.89  11.46  2.2  20220329190819980.CI.SDR
522  39973167  0.001904  7.7  56.98  2.66  2.4  20220320223755660.CI.WBS
523  39980583  0.034801  11.8  47.00  2.28  3.0  20220328152432130.CI.CRR
524  39979047  0.001168  9.0  73.36  10.15  2.3  20220326145853780.CI.MUR
525  39981367  0.000218  4.4  89.53  11.46  2.2  20220329190819980.CI.KYV
526  39974167  0.088311  8.1  90.73  5.83  2.3  20220322113310610.CI.RPV
527  39974135  0.000050  -2.1  55.80  7.40  3.3  20220322103338430.CI.BBS
528  39969735  0.001041  8.8  29.13  11.78  2.5  20220317014656550.CI.SLR
529  39980983  0.002925  4.3  56.11  13.06  2.1  20220329063445330.CI.BLA2
530  39976295  0.003747  2.6  87.65  6.06  2.0  20220324015333340.CI.SRT
531  39971663  0.586603  0.7  88.20  6.43  2.9  20220318214828880.CI.SLA
532  39971839  0.000169  7.6  98.30  8.32  2.0  20220319010427770.PB.B916
533  39980759  0.002978  3.9  64.43  6.78  2.0  20220328190009580.PB.B916
534  39981367  0.006110  4.1  50.55  11.46  2.2  20220329190819980.CI.HMT2
535  39973863  0.000415  2.6  62.59  9.90  2.3  20220321234144940.BC.RMX
536  39981383  0.005647  5.5  90.92  18.12  2.1  20220329192701520.CI.PLM
537  39976295  0.000000  5.1  133.10  6.06  2.0  20220324015333340.CI.DTP
538  39980279  0.151677  3.8  89.61  2.42  2.2  20220328080518810.CI.SHR
539  39974135  0.045004  8.6  75.13  7.40  3.3  20220322103338430.AZ.SMER
540  39971647  0.001675  4.1  119.75  7.93  2.8  20220318213015660.CI.MUR
541  39969647  0.001558  -0.2  108.37  2.07  2.2  20220316234635830.CI.SHR
542  39980583  0.125307  8.9  71.97  2.28  3.0  20220328152432130.CI.TOR
543  39980023  0.000439  15.9  10.19  16.24  2.3  20220327200134190.BC.CPX
544  39971663  0.011569  10.1  140.13  6.43  2.9  20220318214828880.CI.TEH
545  39974207  0.046790  5.2  76.78  13.09  3.0  20220322115940490.CI.BEL
546  39974135  0.001648  7.9  144.76  7.40  3.3  20220322103338430.CI.BEL
547  39974207  0.000088  11.6  87.69  13.09  3.0  20220322115940490.CI.LYP
548  39981407  0.012750  6.2  19.86  6.26  2.1  20220329194745720.CI.WCS2
549  39980983  0.011159  11.5  50.22  13.06  2.1  20220329063445330.CI.MTG
550  39974135  0.038744  6.3  64.42  7.40  3.3  20220322103338430.CI.HMT2
551  39973167  0.056356  18.6  94.26  2.66  2.4  20220320223755660.CI.TEH
552  39981367  0.759399  10.6  65.53  11.46  2.2  20220329190819980.CI.LYP
553  39980583  0.000034  1.9  97.58  2.28  3.0  20220328152432130.CI.BEL
554  39973479  0.014051  -0.0  52.09  14.45  2.9  20220321160222860.CI.OAT
555  39980279  0.013979  3.4  64.00  2.42  2.2  20220328080518810.CI.WOR
556  39976295  0.015741  7.3  79.63  6.06  2.0  20220324015333340.CI.GRA
557  39979047  0.008636  7.9  69.75  10.15  2.3  20220326145853780.AZ.LVA2
558  39974135  0.216753  12.2  5.02  7.40  3.3  20220322103338430.CI.MLS
559  39981407  0.443253  13.1  32.73  6.26  2.1  20220329194745720.CI.WMF
560  39973863  0.012606  13.6  52.05  9.90  2.3  20220321234144940.AZ.LVA2
561  39980479  0.000222  6.9  67.82  9.44  2.2  20220328134018000.CI.MSC
562  39980983  0.016044  8.1  43.96  13.06  2.1  20220329063445330.CI.MSC
563  39970343  0.000408  3.6  44.68  6.49  2.1  20220317184856910.CI.SRN
564  39974135  0.025255  9.0  41.87  7.40  3.3  20220322103338430.CI.RKMO
565  39969815  0.006232  12.5  69.54  14.95  2.5  20220317045350680.BC.SJX
566  39979047  0.001844  -4.0  96.19  10.15  2.3  20220326145853780.CI.HEC
567  39981407  0.531170  6.7  9.90  6.26  2.1  20220329194745720.PB.B918
568  39969815  0.001025  5.2  19.20  14.95  2.5  20220317045350680.BC.GUVIX
569  39973183  0.001531  4.7  48.19  11.02  2.9  20220320233148540.CI.SLB
570  39973863  0.002303  7.8  108.58  9.90  2.3  20220321234144940.AZ.SMER
571  39981303  0.002513  7.5  86.64  8.54  2.7  20220329183543770.CI.PSD
572  39980023  0.006972  12.1  47.34  16.24  2.3  20220327200134190.CI.COA
573  39981383  0.039986  10.5  63.28  18.12  2.1  20220329192701520.CI.RHR
574  39981407  0.057017  8.0  36.38  6.26  2.1  20220329194745720.PB.B916
575  39974135  0.221308  7.2  12.11  7.40  3.3  20220322103338430.CI.CHN
576  39976295  0.000068  7.3  136.43  6.06  2.0  20220324015333340.CI.TEH
577  39973479  0.000213  1.2  80.55  14.45  2.9  20220321160222860.CI.OSI
578  39973479  0.006462  16.1  89.61  14.45  2.9  20220321160222860.CI.SRN
579  39979047  0.003774  11.8  37.71  10.15  2.3  20220326145853780.CI.GMA
580  39981367  0.006579  7.3  45.16  11.46  2.2  20220329190819980.CI.CYP
581  39969735  0.008024  6.6  7.40  11.78  2.5  20220317014656550.CI.SNO
582  39974135  0.016264  1.4  88.37  7.40  3.3  20220322103338430.CI.PALA
583  39970959  0.104474  2.0  111.17  5.25  2.2  20220318092715930.CI.VES
584  39976295  0.000015  4.7  126.28  6.06  2.0  20220324015333340.CI.FDR
585  39978855  0.000318  2.6  132.19  14.85  2.3  20220326063007660.BC.CBX
586  39974975  0.115970  11.3  47.20  7.47  2.6  20220323015844750.CI.JNH2
587  39974207  0.114543  0.7  92.00  13.09  3.0  20220322115940490.CI.GMA
588  39969647  0.004432  5.0  31.97  2.07  2.2  20220316234635830.CI.DAW
589  39974207  0.008549  -0.2  61.32  13.09  3.0  20220322115940490.CI.PLR
590  39981303  0.000759  8.0  61.46  8.54  2.7  20220329183543770.CI.PMD
591  39981303  0.122636  9.5  41.24  8.54  2.7  20220329183543770.CI.FRK
592  39980479  0.026127  5.6  74.10  9.44  2.2  20220328134018000.CI.IDO
593  39980583  0.001875  10.4  54.32  2.28  3.0  20220328152432130.CI.BC3
594  39973863  0.002860  12.3  51.79  9.90  2.3  20220321234144940.CI.IKP
595  39969815  0.000513  6.6  97.86  14.95  2.5  20220317045350680.CI.GLA
596  39973167  0.019128  7.2  38.81  2.66  2.4  20220320223755660.CI.SLA
597  39981303  0.015195  8.2  85.46  8.54  2.7  20220329183543770.CI.EML
598  39981303  0.000219  5.3  56.80  8.54  2.7  20220329183543770.CI.JEM
599  39981383  0.968420  7.3  50.20  18.12  2.1  20220329192701520.CI.GOR
600  39981367  0.020260  6.2  45.21  11.46  2.2  20220329190819980.CI.EML
601  39969735  0.018455  10.4  90.84  11.78  2.5  20220317014656550.CI.HEC
602  39981367  0.064050  8.8  51.81  11.46  2.2  20220329190819980.CI.MUR
603  39981303  0.002440  1.4  54.97  8.54  2.7  20220329183543770.AZ.LVA2
604  39970343  0.002094  5.1  52.89  6.49  2.1  20220317184856910.CI.DJJ
605  39981503  0.001467  4.7  37.85  3.33  2.1  20220329215718440.CI.ISA
606  39980479  0.005975  1.2  27.48  9.44  2.2  20220328134018000.CI.HMT2
607  39978919  0.483349  7.5  76.81  15.50  2.5  20220326113224200.CI.SMM
608  39973479  0.000554  7.3  105.03  14.45  2.9  20220321160222860.CI.FOX2
609  39973479  0.004324  10.0  90.43  14.45  2.9  20220321160222860.CI.PSR
610  39969439  0.100442  11.6  30.52  6.88  2.5  20220316175102390.CI.SRT
611  39981303  0.003839  5.9  51.41  8.54  2.7  20220329183543770.CI.THM
612  39981367  0.000092  -1.2  62.35  11.46  2.2  20220329190819980.CI.PSD
613  39974207  0.003153  4.5  55.29  13.09  3.0  20220322115940490.CI.NSS2
614  39974135  0.006173  0.7  101.03  7.40  3.3  20220322103338430.CI.WSS
615  39969647  0.000076  0.5  63.42  2.07  2.2  20220316234635830.CI.WBS
616  39978919  0.000360  8.6  103.41  15.50  2.5  20220326113224200.CI.TER2
617  37406524  0.000294  16.1  60.38  1.57  2.3  20220328152430320.CI.SLH
618  39969735  0.002932  3.2  76.82  11.78  2.5  20220317014656550.CI.TOR
619  39973167  0.000011  3.7  24.76  2.66  2.4  20220320223755660.CI.SRT
620  39971663  0.336306  -0.2  104.01  6.43  2.9  20220318214828880.CI.ISA
621  39980479  0.002931  11.3  29.94  9.44  2.2  20220328134018000.CI.LKH
622  39981503  0.000053  10.2  95.33  3.33  2.1  20220329215718440.CI.SBB2
623  39981367  0.000009  2.0  82.26  11.46  2.2  20220329190819980.CI.SNO
624  39971647  0.000090  13.0  110.10  7.93  2.8  20220318213015660.CI.LUS
625  39969735  0.000062  7.0  84.82  11.78  2.5  20220317014656550.AZ.LVA2
626  39981407  0.001865  15.0  46.64  6.26  2.1  20220329194745720.CI.CCC
627  39969439  0.012835  8.1  56.38  6.88  2.5  20220316175102390.CI.DTP
628  39974207  0.003019  7.5  24.27  13.09  3.0  20220322115940490.CI.PMD
629  39969735  0.002650  3.7  81.93  11.78  2.5  20220317014656550.CI.PALA
630  39971647  0.000816  12.9  51.19  7.93  2.8  20220318213015660.CI.THM
631  39971663  0.000126  4.0  91.37  6.43  2.9  20220318214828880.CI.KRV3
632  39971839  0.000683  3.6  78.78  8.32  2.0  20220319010427770.CI.WCS2
633  39973183  0.003719  9.2  42.66  11.02  2.9  20220320233148540.CI.CRR
634  39981407  0.000067  12.9  10.74  6.26  2.1  20220329194745720.CI.TOW2
635  39970959  0.001193  13.5  46.92  5.25  2.2  20220318092715930.CI.SRT
636  39970959  0.026868  2.5  71.32  5.25  2.2  20220318092715930.CI.ISA
637  39981303  0.114006  11.3  34.28  8.54  2.7  20220329183543770.CI.RCR
638  39980479  0.001962  -2.2  65.38  9.44  2.2  20220328134018000.CI.TOR
639  39980983  0.040930  16.4  50.50  13.06  2.1  20220329063445330.CI.PER
640  39969815  0.000003  8.7  93.56  14.95  2.5  20220317045350680.CI.CDD
641  39976295  0.003205  2.3  79.02  6.06  2.0  20220324015333340.CI.CLC
642  39973479  0.003983  13.2  46.97  14.45  2.9  20220321160222860.CI.FMP
643  39980583  0.001700  7.7  60.11  2.28  3.0  20220328152432130.CI.SLH
644  37406524  0.568553  3.3  21.64  1.57  2.3  20220328152430320.CI.ERR
645  39980551  0.341009  2.6  7.16  7.56  2.1  20220328150039320.PB.B921
646  39976295  0.023359  8.4  40.03  6.06  2.0  20220324015333340.PB.B916
647  39973479  0.000043  2.3  62.54  14.45  2.9  20220321160222860.CI.CIA
648  39971839  0.040084  1.5  22.91  8.32  2.0  20220319010427770.CI.WOR
649  39974407  0.000413  7.4  78.55  11.48  2.4  20220322153853770.BC.RMX
650  39971839  0.000886  0.8  79.47  8.32  2.0  20220319010427770.CI.EDW2
651  39974135  0.000089  6.9  142.29  7.40  3.3  20220322103338430.CI.HEC
652  39971647  0.001625  12.8  108.99  7.93  2.8  20220318213015660.CI.HMT2
653  39974207  0.002481  1.4  59.36  13.09  3.0  20220322115940490.AZ.SMER
654  39974975  0.005259  1.4  76.81  7.47  2.6  20220323015844750.CI.EDW2
655  39974135  0.038563  9.6  126.20  7.40  3.3  20220322103338430.CI.MOP
656  39974975  0.000856  6.6  37.66  7.47  2.6  20220323015844750.CI.CHF
657  39973455  0.006671  4.3  81.53  6.86  2.4  20220321150940730.CI.GLA
658  39974167  0.000628  2.0  108.47  5.83  2.3  20220322113310610.CI.CWP
659  39971647  0.034391  17.3  52.48  7.93  2.8  20220318213015660.CI.IMP
660  39980983  0.054230  6.0  11.62  13.06  2.1  20220329063445330.AZ.RDM
661  39970959  0.000161  -0.5  79.33  5.25  2.2  20220318092715930.CI.SPG2
662  39973479  0.029265  -3.1  102.65  14.45  2.9  20220321160222860.CI.SCI2
663  39974975  0.005170  8.8  78.83  7.47  2.6  20220323015844750.CI.LMY
664  39974975  0.974809  10.9  35.20  7.47  2.6  20220323015844750.CI.MWC
665  39974207  0.000504  7.2  107.70  13.09  3.0  20220322115940490.CI.YUH2
666  39981407  0.037850  5.1  55.22  6.26  2.1  20220329194745720.CI.WOR
667  39974207  0.930022  10.2  63.21  13.09  3.0  20220322115940490.CI.RHR
668  39973183  0.000641  11.3  119.00  11.02  2.9  20220320233148540.CI.EML
669  39981503  0.000050  5.6  69.12  3.33  2.1  20220329215718440.CI.EDW2
670  39981303  0.099652  9.0  82.07  8.54  2.7  20220329183543770.CI.PLM
671  39974135  0.055786  13.4  35.95  7.40  3.3  20220322103338430.CI.WLT
672  39973455  0.002861  6.4  87.58  6.86  2.4  20220321150940730.CI.CRR
673  39981383  0.023771  3.5  98.71  18.12  2.1  20220329192701520.CI.CYP
674  39973863  0.005505  8.7  18.45  9.90  2.3  20220321234144940.CI.SLH
675  39980983  0.092380  2.1  25.37  13.06  2.1  20220329063445330.CI.PSD
676  39981367  0.020625  6.5  36.27  11.46  2.2  20220329190819980.CI.DPP
677  39970455  0.001523  6.7  65.93  8.80  2.8  20220317202110650.CI.CIA
678  39971839  0.000202  4.0  72.80  8.32  2.0  20220319010427770.CI.TPO
679  39980551  0.017113  6.9  69.81  7.56  2.1  20220328150039320.CI.DAW
680  39969647  0.001777  5.8  55.55  2.07  2.2  20220316234635830.CI.WOR
681  39978855  0.321248  -1.4  147.75  14.85  2.3  20220326063007660.CI.DZA
682  39974207  0.165734  5.4  83.46  13.09  3.0  20220322115940490.CI.CRR
683  39974135  0.960142  12.6  57.07  7.40  3.3  20220322103338430.CI.JNH2
684  39974407  0.000011  -0.2  69.19  11.48  2.4  20220322153853770.CI.COA
685  39973863  0.001174  3.1  108.08  9.90  2.3  20220321234144940.CI.HMT2
686  39980479  0.961532  7.4  46.15  9.44  2.2  20220328134018000.AZ.TRO
687  39973863  0.015314  5.8  86.29  9.90  2.3  20220321234144940.CI.DZA
688  39970959  0.012632  3.8  34.24  5.25  2.2  20220318092715930.CI.TOW2
689  39973183  0.013001  6.7  52.75  11.02  2.9  20220320233148540.CI.SGL
690  39969735  0.004254  2.0  62.32  11.78  2.5  20220317014656550.CI.LUG
691  39974135  0.025974  13.4  64.81  7.40  3.3  20220322103338430.CI.WTT2
692  39973863  0.000086  11.4  107.47  9.90  2.3  20220321234144940.CI.GOR
693  39971647  0.270212  5.8  89.54  7.93  2.8  20220318213015660.CI.BEL
694  39980479  0.001216  9.9  39.26  9.44  2.2  20220328134018000.CI.MTG
695  39971839  0.037821  2.4  83.62  8.32  2.0  20220319010427770.PB.B921
696  39974207  0.788055  8.1  99.52  13.09  3.0  20220322115940490.CI.JVA
697  39971647  0.010887  4.1  85.56  7.93  2.8  20220318213015660.CI.EML
698  39971647  0.000028  10.2  90.26  7.93  2.8  20220318213015660.CI.DPP
699  39981303  0.538994  1.6  66.50  8.54  2.7  20220329183543770.CI.HAY
700  39969439  0.000205  4.6  66.17  6.88  2.5  20220316175102390.CI.WMF
701  39981383  0.000328  6.9  72.76  18.12  2.1  20220329192701520.CI.CWP
702  39973183  0.115768  -1.1  98.18  11.02  2.9  20220320233148540.CI.MTG
703  39974975  0.037183  9.5  53.56  7.47  2.6  20220323015844750.CI.PEM
704  39973183  0.004371  9.6  106.15  11.02  2.9  20220320233148540.AZ.SND
705  39969735  0.817613  7.7  47.86  11.78  2.5  20220317014656550.CI.HMT2
706  39980479  0.147866  8.7  45.51  9.44  2.2  20220328134018000.CI.GOR
707  39974135  0.001634  1.3  81.05  7.40  3.3  20220322103338430.AZ.RDM
708  39974975  0.007504  4.8  37.41  7.47  2.6  20220323015844750.CI.CJV2
709  39973167  0.278249  7.3  31.23  2.66  2.4  20220320223755660.PB.B916
710  39980479  0.006305  0.6  62.20  9.44  2.2  20220328134018000.CI.LMS
711  39974207  0.013783  7.9  39.12  13.09  3.0  20220322115940490.CI.PSD
712  39981367  0.005394  6.4  76.24  11.46  2.2  20220329190819980.CI.DZA
713  39974167  0.030249  10.7  52.84  5.83  2.3  20220322113310610.CI.CIA
714  39981367  0.159601  4.1  10.55  11.46  2.2  20220329190819980.CI.PLM
715  39974135  0.000783  8.5  121.01  7.40  3.3  20220322103338430.AZ.LVA2
716  39969735  0.000026  4.4  95.43  11.78  2.5  20220317014656550.CI.CTW
717  39981303  0.151654  2.8  97.04  8.54  2.7  20220329183543770.CI.DZA
718  39981367  0.752450  5.6  49.78  11.46  2.2  20220329190819980.CI.SLH
719  39979047  0.038745  6.4  43.23  10.15  2.3  20220326145853780.CI.JVA
720  39980983  0.003409  10.3  63.91  13.06  2.1  20220329063445330.CI.JEM
721  39980583  0.000549  14.8  41.16  2.28  3.0  20220328152432130.CI.SLB
722  39974975  0.000000  12.1  122.82  7.47  2.6  20220323015844750.CI.PER
723  39971647  0.004921  10.0  34.78  7.93  2.8  20220318213015660.CI.SLB
724  39974407  0.000426  9.3  18.76  11.48  2.4  20220322153853770.BC.CPX
725  39973479  0.015458  4.3  87.35  14.45  2.9  20220321160222860.CI.PEM
726  39976295  0.055009  5.8  77.77  6.06  2.0  20220324015333340.CI.SPG2
727  39980023  0.009921  9.8  54.56  16.24  2.3  20220327200134190.CI.SGL
728  39981303  0.000585  8.7  72.51  8.54  2.7  20220329183543770.CI.BC3
729  39973863  0.000615  1.5  83.36  9.90  2.3  20220321234144940.CI.BC3
730  39980279  0.987429  2.6  45.99  2.42  2.2  20220328080518810.CI.TOW2
731  39980551  0.001290  2.3  93.07  7.56  2.1  20220328150039320.NN.GWY
732  39970959  0.002602  8.3  31.94  5.25  2.2  20220318092715930.PB.B918
733  39974135  0.008518  9.1  84.77  7.40  3.3  20220322103338430.CI.RPV
734  39974207  0.001720  12.2  46.20  13.09  3.0  20220322115940490.CI.IDO
735  39974207  0.959428  1.1  61.93  13.09  3.0  20220322115940490.CI.SLB
736  39969439  0.004585  8.7  81.95  6.88  2.5  20220316175102390.CI.LMR2
737  39974207  0.020057  8.2  99.29  13.09  3.0  20220322115940490.CI.IKP
738  39980983  0.005758  8.8  72.14  13.06  2.1  20220329063445330.CI.GOR
739  39974135  0.001042  17.1  134.66  7.40  3.3  20220322103338430.CI.TOR
740  39974135  0.429870  13.7  38.79  7.40  3.3  20220322103338430.CI.RIO
741  39981503  0.002915  8.0  96.64  3.33  2.1  20220329215718440.CI.POR
742  39980583  0.028952  7.5  101.94  2.28  3.0  20220328152432130.AZ.SND
743  39974975  0.000087  5.8  125.79  7.47  2.6  20220323015844750.CI.HHL
744  39971839  0.529392  7.0  51.86  8.32  2.0  20220319010427770.CI.FDR
745  39974135  0.026722  -4.1  82.43  7.40  3.3  20220322103338430.CI.DJJ
746  39981303  0.974331  11.0  33.26  8.54  2.7  20220329183543770.CI.SWS
747  39974207  0.033744  5.4  64.83  13.09  3.0  20220322115940490.CI.DPP
748  39974207  0.787247  0.4  83.50  13.09  3.0  20220322115940490.CI.FRK
749  39974975  0.000283  2.0  102.87  7.47  2.6  20220323015844750.CI.CCA
750  39971839  0.030491  11.9  45.48  8.32  2.0  20220319010427770.CI.WBM
751  39970343  0.063100  3.8  76.28  6.49  2.1  20220317184856910.CI.CHF
752  39980583  0.023266  7.8  60.21  2.28  3.0  20220328152432130.CI.SGL
753  39973479  0.003978  14.3  32.85  14.45  2.9  20220321160222860.CI.WSS
754  39973183  0.007622  14.0  89.37  11.02  2.9  20220320233148540.AZ.TRO
755  39980279  0.004122  7.1  106.60  2.42  2.2  20220328080518810.PB.B917
756  39980479  0.000124  9.8  29.48  9.44  2.2  20220328134018000.CI.MUR
757  39974135  0.001946  1.7  109.42  7.40  3.3  20220322103338430.CI.HAR
758  39981407  0.063362  0.5  81.62  6.26  2.1  20220329194745720.CI.WAS2
759  39974135  0.110242  6.4  97.06  7.40  3.3  20220322103338430.CI.PSD
760  39976295  0.752510  9.9  87.35  6.06  2.0  20220324015333340.CI.KRV3
761  39971647  0.098164  4.5  18.85  7.93  2.8  20220318213015660.CI.ERR
762  39976295  0.005240  -5.7  117.27  6.06  2.0  20220324015333340.CI.CCC
763  39980583  0.006050  -4.0  92.89  2.28  3.0  20220328152432130.CI.JEM
764  39980551  0.000026  10.6  62.66  7.56  2.1  20220328150039320.CI.WMF
765  39976295  0.006287  3.7  74.80  6.06  2.0  20220324015333340.CI.TOW2
766  39971663  0.391819  11.2  40.38  6.43  2.9  20220318214828880.PB.B916
767  39974207  0.016250  6.0  50.84  13.09  3.0  20220322115940490.CI.HMT2
768  39981383  0.002530  7.6  69.93  18.12  2.1  20220329192701520.CI.DPP
769  39981367  0.001680  3.1  59.79  11.46  2.2  20220329190819980.CI.TOR
770  39971647  0.001828  1.4  111.22  7.93  2.8  20220318213015660.CI.MSC
771  39974135  0.006584  4.0  73.47  7.40  3.3  20220322103338430.CI.SOC
772  39980279  0.000003  0.4  111.67  2.42  2.2  20220328080518810.NN.GWY
773  39974135  0.004302  8.2  46.96  7.40  3.3  20220322103338430.CI.BRE
774  39974207  0.706531  7.9  43.73  13.09  3.0  20220322115940490.CI.JEM
775  39970959  0.061168  4.0  59.67  5.25  2.2  20220318092715930.CI.SLA
776  39979047  0.041468  1.5  13.54  10.15  2.3  20220326145853780.CI.WWC
777  39973167  0.005821  7.0  53.66  2.66  2.4  20220320223755660.CI.WOR
778  39973455  0.017694  3.6  86.84  6.86  2.4  20220321150940730.CI.IKP
779  39980583  0.740332  10.4  112.10  2.28  3.0  20220328152432130.CI.WWC
780  39980023  0.001410  5.0  159.47  16.24  2.3  20220327200134190.CI.MTG
781  39980983  0.001070  1.9  14.80  13.06  2.1  20220329063445330.AZ.SND
782  39973455  0.000002  8.7  84.86  6.86  2.4  20220321150940730.CI.CDD
783  39981367  0.002803  2.6  41.12  11.46  2.2  20220329190819980.AZ.SMER
784  39973863  0.086636  14.8  32.21  9.90  2.3  20220321234144940.CI.SWS
785  39981407  0.003956  6.0  36.05  6.26  2.1  20220329194745720.PB.B921
786  39981503  0.914098  7.3  48.60  3.33  2.1  20220329215718440.CI.WOR
787  39974135  0.321361  8.9  106.67  7.40  3.3  20220322103338430.CI.CIA
788  39971647  0.000568  -1.8  91.05  7.93  2.8  20220318213015660.CI.WWC
789  39974135  0.000021  10.0  140.03  7.40  3.3  20220322103338430.CI.JEM
790  39981367  0.185723  10.7  43.93  11.46  2.2  20220329190819980.CI.RCR
791  39981503  0.007298  9.3  91.35  3.33  2.1  20220329215718440.CI.BCW
792  39969439  0.000025  7.0  66.22  6.88  2.5  20220316175102390.CI.WBS
793  39973863  0.003542  3.5  27.64  9.90  2.3  20220321234144940.CI.ACP
794  39981503  0.003976  -1.0  40.69  3.33  2.1  20220329215718440.CI.LDR
795  39973183  0.036550  2.4  20.81  11.02  2.9  20220320233148540.CI.ERR
796  39981407  0.010521  7.8  69.94  6.26  2.1  20220329194745720.CI.KRV3
797  39974135  0.002990  2.2  146.34  7.40  3.3  20220322103338430.CI.LJR
798  39974407  0.004224  9.7  69.36  11.48  2.4  20220322153853770.BC.SJX
799  39980551  0.023315  3.0  21.91  7.56  2.1  20220328150039320.CI.CLC
800  39979047  0.000038  6.5  99.86  10.15  2.3  20220326145853780.CI.JEM
801  39981303  0.015902  5.9  74.56  8.54  2.7  20220329183543770.CI.CSH
802  39980759  0.010120  5.8  90.25  6.78  2.0  20220328190009580.CI.KRV3
803  39981303  0.000165  7.2  70.15  8.54  2.7  20220329183543770.CI.IDO
804  39979047  0.003124  11.2  24.82  10.15  2.3  20220326145853780.CI.SNO
805  39981303  0.000009  1.6  98.29  8.54  2.7  20220329183543770.CI.PALA
806  39980983  0.058515  10.1  90.11  13.06  2.1  20220329063445330.CI.MCT
807  39981503  0.006475  8.5  27.41  3.33  2.1  20220329215718440.CI.KRV1
808  39981503  0.037979  10.7  45.95  3.33  2.1  20220329215718440.CI.WAS2
809  39971647  0.006925  4.6  82.73  7.93  2.8  20220318213015660.CI.KYV
810  39971647  0.004468  11.5  53.74  7.93  2.8  20220318213015660.AZ.TRO
811  39974135  0.025790  9.8  60.65  7.40  3.3  20220322103338430.CI.VTV
812  39973167  0.020432  1.7  26.05  2.66  2.4  20220320223755660.CI.WMF
813  39978855  0.001641  7.6  69.76  14.85  2.3  20220326063007660.CI.COA
814  39976295  0.000217  -1.3  104.04  6.06  2.0  20220324015333340.CI.WBS
815  39969735  0.021995  12.5  69.13  11.78  2.5  20220317014656550.CI.MCT
816  39973183  0.009392  3.7  98.70  11.02  2.9  20220320233148540.CI.CYP
817  39973479  0.082393  8.2  104.26  14.45  2.9  20220321160222860.CI.SUN
818  39979047  0.020477  5.5  96.26  10.15  2.3  20220326145853780.CI.RHR
819  39978919  0.077102  8.2  99.32  15.50  2.5  20220326113224200.CI.VES
820  39970343  0.000167  9.8  7.67  6.49  2.1  20220317184856910.CI.FMP
821  39971663  0.000488  10.3  89.18  6.43  2.9  20220318214828880.SN.HEL
822  39971647  0.092704  6.3  39.49  7.93  2.8  20220318213015660.CI.BOR
823  39974135  0.066046  16.4  49.46  7.40  3.3  20220322103338430.CI.MWC
824  39981503  0.011069  11.5  50.20  3.33  2.1  20220329215718440.CI.CCA
825  39974407  0.000970  9.6  61.27  11.48  2.4  20220322153853770.CI.SGL
826  39973479  0.000702  3.3  83.41  14.45  2.9  20220321160222860.CI.CHF
827  39973183  0.057077  4.4  93.20  11.02  2.9  20220320233148540.CI.JEM
828  39973479  0.010371  4.7  99.01  14.45  2.9  20220321160222860.CI.LMY
829  39973863  0.006235  2.1  91.50  9.90  2.3  20220321234144940.AZ.RDM
830  39973183  0.000000  6.9  120.69  11.02  2.9  20220320233148540.CI.PLM
831  39970343  0.004994  1.7  90.36  6.49  2.1  20220317184856910.CI.JNH2
832  39973479  0.000000  -2.3  96.41  14.45  2.9  20220321160222860.CI.JNH2
833  39969735  0.008677  11.7  36.52  11.78  2.5  20220317014656550.CI.PSD
834  39976295  0.000038  9.5  107.24  6.06  2.0  20220324015333340.PB.B921
835  39981303  0.021966  4.7  82.94  8.54  2.7  20220329183543770.CI.KYV
836  39969439  0.028734  -0.5  103.54  6.88  2.5  20220316175102390.CI.WAS2
837  39969735  0.990097  3.2  96.81  11.78  2.5  20220317014656550.CI.RHR
838  39979047  0.006272  4.3  37.55  10.15  2.3  20220326145853780.CI.CSH
839  39974135  0.053043  9.2  52.18  7.40  3.3  20220322103338430.CI.HOL
840  39980479  0.003589  9.8  71.85  9.44  2.2  20220328134018000.CI.RVR
841  39979047  0.009619  3.7  79.49  10.15  2.3  20220326145853780.CI.PALA
842  39973183  0.015675  5.9  93.46  11.02  2.9  20220320233148540.AZ.LVA2
843  39980583  0.007222  11.4  67.69  2.28  3.0  20220328152432130.CI.THM
844  39980759  0.000907  9.3  100.77  6.78  2.0  20220328190009580.CI.WAS2
845  39971663  0.001777  16.8  89.87  6.43  2.9  20220318214828880.CI.SRT
846  39981367  0.001353  11.7  6.60  11.46  2.2  20220329190819980.CI.LKH
847  39981503  0.479703  4.0  99.61  3.33  2.1  20220329215718440.CI.SPG2
848  39979047  0.003669  7.8  5.68  10.15  2.3  20220326145853780.CI.DEV
849  39974207  0.096144  11.5  47.33  13.09  3.0  20220322115940490.CI.PALA
850  39974135  0.000002  5.0  100.98  7.40  3.3  20220322103338430.CI.PLM
851  39981367  0.002672  8.8  57.87  11.46  2.2  20220329190819980.CI.ACP
852  39971663  0.006190  4.0  38.69  6.43  2.9  20220318214828880.CI.DAW
853  39971839  0.037654  1.0  92.21  8.32  2.0  20220319010427770.CI.CCC
854  39981367  0.000613  5.0  15.84  11.46  2.2  20220329190819980.CI.MTG
855  39969439  0.001032  4.8  67.06  6.88  2.5  20220316175102390.CI.GSC
856  39970959  0.131579  3.6  110.20  5.25  2.2  20220318092715930.CI.GRA
857  39974135  0.139164  -0.3  145.89  7.40  3.3  20220322103338430.CI.SDG
858  39976295  0.100131  5.9  39.56  6.06  2.0  20220324015333340.CI.WMF
859  39969815  0.000174  5.8  69.10  14.95  2.5  20220317045350680.CI.COA
860  39980759  0.093893  7.5  35.59  6.78  2.0  20220328190009580.PB.B918
861  39973183  0.613079  7.5  31.77  11.02  2.9  20220320233148540.CI.SNR
862  39980279  0.074271  1.4  66.30  2.42  2.2  20220328080518810.CI.WBM
863  39981367  0.011589  3.9  79.34  11.46  2.2  20220329190819980.CI.WWC
864  39981303  0.023932  6.3  70.62  8.54  2.7  20220329183543770.CI.LKH
865  39979047  0.009462  14.2  49.75  10.15  2.3  20220326145853780.CI.JTH
866  39980759  0.000038  6.6  92.98  6.78  2.0  20220328190009580.NN.GWY
867  39980279  0.026241  3.7  51.69  2.42  2.2  20220328080518810.CI.CLC
868  39973183  0.167461  6.9  66.04  11.02  2.9  20220320233148540.CI.HAY
869  39980583  0.025374  4.2  24.43  2.28  3.0  20220328152432130.CI.FRK
870  39970959  0.000545  8.2  50.77  5.25  2.2  20220318092715930.CI.CGO
871  39980583  0.026762  6.6  84.83  2.28  3.0  20220328152432130.AZ.TRO
872  39980551  0.090210  11.7  70.65  7.56  2.1  20220328150039320.CI.WOR
873  39974135  0.000563  11.3  71.35  7.40  3.3  20220322103338430.CI.LUC2
874  39974135  0.000354  17.6  112.22  7.40  3.3  20220322103338430.CI.GMA
875  39980479  0.029169  8.4  96.73  9.44  2.2  20220328134018000.CI.DZA
876  39974407  0.000232  0.9  97.84  11.48  2.4  20220322153853770.CI.SWP
877  39969815  0.055063  8.2  90.29  14.95  2.5  20220317045350680.CI.IKP
878  39974207  0.003693  1.5  63.20  13.09  3.0  20220322115940490.CI.MUR
879  39969735  0.000964  4.6  97.53  11.78  2.5  20220317014656550.CI.BOR
880  39971839  0.000761  2.9  85.52  8.32  2.0  20220319010427770.CI.POR
881  39978919  0.191587  9.5  64.19  15.50  2.5  20220326113224200.CI.YEG2
882  39974135  0.059306  5.5  38.31  7.40  3.3  20220322103338430.CI.TA2
883  39970343  0.000824  3.0  34.03  6.49  2.1  20220317184856910.CI.CIA
884  39979047  0.003239  11.9  50.79  10.15  2.3  20220326145853780.CI.BEL
885  39980983  0.000698  6.4  30.94  13.06  2.1  20220329063445330.AZ.TRO
886  39981367  0.006988  9.6  26.19  11.46  2.2  20220329190819980.CI.PALA
887  39974207  0.000362  3.3  55.00  13.09  3.0  20220322115940490.CI.MSJ
888  39980983  0.071216  9.7  78.12  13.06  2.1  20220329063445330.CI.GMA
889  39974975  0.001026  13.0  52.18  7.47  2.6  20220323015844750.CI.FOX2
890  39973183  0.108906  3.5  77.63  11.02  2.9  20220320233148540.CI.TOR
891  39969439  0.002139  10.9  29.52  6.88  2.5  20220316175102390.CI.LRL
892  39969815  0.000470  8.8  61.35  14.95  2.5  20220317045350680.CI.SGL
893  39974207  0.021195  7.3  24.97  13.09  3.0  20220322115940490.CI.BOR
894  39970959  0.042516  10.3  33.21  5.25  2.2  20220318092715930.CI.DAW
895  39969735  0.719192  3.8  90.34  11.78  2.5  20220317014656550.CI.RKMO
896  39979047  0.001507  4.2  87.11  10.15  2.3  20220326145853780.CI.CJM
897  39981303  0.000377  11.5  101.32  8.54  2.7  20220329183543770.CI.SDR
898  39973455  0.002041  8.8  67.67  6.86  2.4  20220321150940730.CI.RUN
899  39971839  0.010430  9.5  52.81  8.32  2.0  20220319010427770.CI.CCA
900  39980479  0.090722  12.3  13.94  9.44  2.2  20220328134018000.CI.PLM
901  39980479  0.510813  7.5  52.51  9.44  2.2  20220328134018000.CI.JEM
902  39974135  0.000721  5.6  21.45  7.40  3.3  20220322103338430.CI.SUN
903  39969735  0.021461  9.0  72.37  11.78  2.5  20220317014656550.CI.BEL
904  39971663  0.000458  6.4  41.77  6.43  2.9  20220318214828880.CI.WMF
905  39969439  0.084316  8.0  30.72  6.88  2.5  20220316175102390.CI.SLA
906  39974135  0.313059  11.7  22.87  7.40  3.3  20220322103338430.CI.PSR
907  39973455  0.128727  3.5  80.39  6.86  2.4  20220321150940730.CI.SWS
908  39969439  0.014755  8.3  6.82  6.88  2.5  20220316175102390.PB.B921
909  39981303  0.063800  5.5  89.88  8.54  2.7  20220329183543770.CI.COA
910  39981303  0.001311  14.8  60.78  8.54  2.7  20220329183543770.CI.YUH2
911  39981407  0.000092  9.1  100.04  6.26  2.1  20220329194745720.CI.GSC
912  39980479  0.097813  13.5  85.54  9.44  2.2  20220328134018000.CI.KYV
913  39973455  0.057847  9.5  52.27  6.86  2.4  20220321150940730.CI.COA
914  39981367  0.002718  5.8  42.25  11.46  2.2  20220329190819980.CI.CSH
915  39978919  0.097233  -2.1  92.41  15.50  2.5  20220326113224200.CI.CRG
916  39971663  0.091585  2.7  148.52  6.43  2.9  20220318214828880.CI.CCA
917  39969647  0.001565  7.8  74.46  2.07  2.2  20220316234635830.CI.ISA
918  39973863  0.516647  10.3  52.72  9.90  2.3  20220321234144940.CI.TOR
919  39973167  0.010009  0.8  13.30  2.66  2.4  20220320223755660.CI.WCS2
920  39971647  0.000035  7.8  72.35  7.93  2.8  20220318213015660.CI.BC3
921  39980551  0.120795  11.6  38.92  7.56  2.1  20220328150039320.CI.WBM
922  39971663  0.044724  7.5  14.61  6.43  2.9  20220318214828880.CI.CWC
923  39981407  0.021529  8.3  93.29  6.26  2.1  20220329194745720.CI.TEH
924  39971839  0.000550  2.2  84.08  8.32  2.0  20220319010427770.PB.B918
925  39980759  0.000273  13.0  134.38  6.78  2.0  20220328190009580.CI.FDR
926  39974207  0.016379  7.4  73.84  13.09  3.0  20220322115940490.CI.GOR
927  39981407  0.001671  0.3  45.65  6.26  2.1  20220329194745720.CI.DAW
928  39974135  0.116098  3.3  123.00  7.40  3.3  20220322103338430.CI.NBS
929  39979047  0.001579  9.9  47.91  10.15  2.3  20220326145853780.AZ.SND
930  39979047  0.007371  11.6  62.25  10.15  2.3  20220326145853780.CI.PER
931  39971839  0.000049  8.2  102.71  8.32  2.0  20220319010427770.PB.B917
932  39974135  0.005750  14.5  28.53  7.40  3.3  20220322103338430.CI.PLS
933  39981303  0.061817  3.8  47.36  8.54  2.7  20220329183543770.CI.TOR
934  39973455  0.007362  5.7  7.07  6.86  2.4  20220321150940730.BC.CPX
935  39980551  0.040805  7.8  88.84  7.56  2.1  20220328150039320.CI.KRV3
936  39974135  0.000000  -4.9  144.88  7.40  3.3  20220322103338430.CI.EML
937  39973863  0.163069  8.9  55.54  9.90  2.3  20220321234144940.AZ.TRO
938  39974135  0.000887  8.5  47.67  7.40  3.3  20220322103338430.CI.RUS
939  39974207  0.358990  1.1  102.23  13.09  3.0  20220322115940490.CI.BC3
940  39980279  0.192863  5.4  30.09  2.42  2.2  20220328080518810.CI.CWC
941  39974135  0.012772  4.3  60.40  7.40  3.3  20220322103338430.CI.WLS2
942  39969735  0.054340  10.4  22.94  11.78  2.5  20220317014656550.CI.BBR
943  39981367  0.015376  5.7  88.33  11.46  2.2  20220329190819980.CI.RKMO
944  39973455  0.000236  -0.1  70.28  6.86  2.4  20220321150940730.CI.YUH2
945  39973183  0.001479  9.2  23.72  11.02  2.9  20220320233148540.CI.IMP
946  39970455  0.011842  2.9  80.98  8.80  2.8  20220317202110650.CI.RPV
947  39973863  0.000939  1.5  96.45  9.90  2.3  20220321234144940.CI.WWC
948  39971647  0.818872  7.4  45.39  7.93  2.8  20220318213015660.CI.SWP
949  39981407  0.319378  6.9  34.86  6.26  2.1  20220329194745720.CI.SLA
950  39969439  0.017047  7.7  74.73  6.88  2.5  20220316175102390.CI.WOR
951  39974407  0.040455  8.5  90.17  11.48  2.4  20220322153853770.CI.IKP
952  39981303  0.633131  4.9  60.84  8.54  2.7  20220329183543770.CI.IKP
953  39974135  0.003880  4.7  54.56  7.40  3.3  20220322103338430.CI.CWP
954  39979047  0.440838  6.5  17.35  10.15  2.3  20220326145853780.CI.PSD
955  39971647  0.001983  12.0  55.04  7.93  2.8  20220318213015660.CI.CTW
956  39980759  0.003021  14.9  5.97  6.78  2.0  20220328190009580.PB.B921
957  39973863  0.019340  11.5  116.99  9.90  2.3  20220321234144940.CI.MUR
958  39973863  0.778287  8.4  35.81  9.90  2.3  20220321234144940.CI.BOR
959  39974207  0.053088  10.3  89.86  13.09  3.0  20220322115940490.CI.SWS
960  39974975  0.013144  3.2  57.04  7.47  2.6  20220323015844750.CI.HOL
961  39969647  0.000648  2.2  67.48  2.07  2.2  20220316234635830.CI.CCC
962  39978919  0.000000  10.6  105.79  15.50  2.5  20220326113224200.CI.POR
963  39969735  0.000069  4.3  88.90  11.78  2.5  20220317014656550.CI.RRX
964  39974135  0.000000  9.3  54.64  7.40  3.3  20220322103338430.CI.LGB
965  39973863  0.002167  6.7  53.86  9.90  2.3  20220321234144940.CI.MTG
966  39974407  0.000000  11.1  93.74  11.48  2.4  20220322153853770.CI.CDD
967  39973455  0.000296  7.1  91.96  6.86  2.4  20220321150940730.CI.SWP
968  39969439  0.004047  9.8  65.53  6.88  2.5  20220316175102390.PB.B916
969  39969647  0.000382  9.1  56.97  2.07  2.2  20220316234635830.PB.B921
970  39974407  0.002679  4.2  75.14  11.48  2.4  20220322153853770.CI.YUH2
971  39974975  0.000850  3.5  98.36  7.47  2.6  20220323015844750.CI.LUG
972  39979047  0.000004  12.0  28.28  10.15  2.3  20220326145853780.CI.SLR
973  39981383  0.014324  3.5  91.47  18.12  2.1  20220329192701520.CI.DZA
974  39974207  0.003187  6.9  34.15  13.09  3.0  20220322115940490.AZ.RDM
975  39980583  0.000017  1.4  34.36  2.28  3.0  20220328152432130.CI.PLR
976  39979047  0.335211  15.6  70.97  10.15  2.3  20220326145853780.CI.CTW
977  39974135  0.000381  7.0  141.90  7.40  3.3  20220322103338430.CI.MCT
978  39971647  0.102981  -0.9  66.30  7.93  2.8  20220318213015660.CI.HAY
979  39971839  0.000240  9.0  105.30  8.32  2.0  20220319010427770.CI.CWC
980  39980983  0.110732  13.6  32.16  13.06  2.1  20220329063445330.CI.PMD
981  39981503  0.671085  0.5  10.30  3.33  2.1  20220329215718440.CI.TEH
982  39981407  0.036750  11.8  20.52  6.26  2.1  20220329194745720.CI.SRT
983  39978855  0.007603  4.8  97.26  14.85  2.3  20220326063007660.CI.CRR
984  39973183  0.019404  4.7  70.06  11.02  2.9  20220320233148540.CI.IKP
985  39979047  0.000749  2.6  91.51  10.15  2.3  20220326145853780.CI.SLH
986  39980551  0.012761  8.4  33.95  7.56  2.1  20220328150039320.PB.B918
987  39974975  0.029665  15.9  17.79  7.47  2.6  20220323015844750.CI.OAT
988  39980279  0.009679  6.1  67.14  2.42  2.2  20220328080518810.CI.KRV3
989  39981407  0.122409  6.6  42.75  6.26  2.1  20220329194745720.CI.LRL
990  39976295  0.000538  4.4  66.95  6.06  2.0  20220324015333340.PB.B918
991  39980759  0.006955  2.3  71.28  6.78  2.0  20220328190009580.CI.DAW
992  39974135  0.001444  8.8  94.48  7.40  3.3  20220322103338430.CI.JVA
993  39981407  0.053505  3.1  63.02  6.26  2.1  20220329194745720.PB.B917
994  39970343  0.415235  5.7  59.39  6.49  2.1  20220317184856910.CI.PLS
995  39981303  0.017683  6.6  55.26  8.54  2.7  20220329183543770.CI.CTW
996  39969647  0.000207  3.5  57.94  2.07  2.2  20220316234635830.CI.CGO
997  39981407  0.000176  13.2  76.25  6.26  2.1  20220329194745720.CI.ISA
998  39973183  0.479514  6.9  35.90  11.02  2.9  20220320233148540.CI.PLR
999  39980983  0.929237  7.8  60.02  13.06  2.1  20220329063445330.CI.THM
1000  39973863  0.004428  6.5  27.42  9.90  2.3  20220321234144940.CI.CRR
1001  39979047  0.007075  6.3  35.10  10.15  2.3  20220326145853780.CI.KYV
1002  39974135  0.000090  2.5  61.34  7.40  3.3  20220322103338430.CI.MSJ
1003  39970959  0.000101  10.6  79.63  5.25  2.2  20220318092715930.CI.CCC
1004  39970343  0.003492  12.1  74.74  6.49  2.1  20220317184856910.CI.LMS
1005  39981383  0.995483  5.1  77.21  18.12  2.1  20220329192701520.AZ.SMER
1006  39974135  0.000319  4.1  137.26  7.40  3.3  20220322103338430.CI.BOR
1007  39973167  0.228812  6.4  14.99  2.66  2.4  20220320223755660.CI.CLC
1008  39979047  0.196694  7.6  36.37  10.15  2.3  20220326145853780.CI.IDO
1009  39971663  0.000195  9.6  114.22  6.43  2.9  20220318214828880.CI.LRL
1010  39970455  0.000103  7.1  122.36  8.80  2.8  20220317202110650.CI.OAT
1011  39971647  0.000006  8.7  38.57  7.93  2.8  20220318213015660.CI.ACP
1012  39974975  0.214300  2.3  105.56  7.47  2.6  20220323015844750.CI.SBI
1013  39980983  0.250334  8.4  82.81  13.06  2.1  20220329063445330.CI.JTH
1014  39974135  0.014982  -2.7  108.46  7.40  3.3  20220322103338430.CI.BLA2
1015  39981367  0.220877  10.3  45.17  11.46  2.2  20220329190819980.CI.GOR
1016  39973863  0.000214  8.2  101.93  9.90  2.3  20220321234144940.CI.LUS
1017  39974135  0.024215  6.9  74.76  7.40  3.3  20220322103338430.CI.SBB2
1018  39971647  0.000704  -1.2  64.48  7.93  2.8  20220318213015660.CI.SNR
1019  39973455  0.023372  5.7  18.37  6.86  2.4  20220321150940730.BC.GUVIX
1020  39981367  0.001816  6.7  78.52  11.46  2.2  20220329190819980.CI.CWP
1021  39980479  0.000431  7.5  70.38  9.44  2.2  20220328134018000.CI.WWC
1022  39970959  0.005971  15.8  130.43  5.25  2.2  20220318092715930.CI.LMR2
1023  39980479  0.000037  3.5  64.63  9.44  2.2  20220328134018000.CI.EML
1024  39981303  0.319520  12.5  45.17  8.54  2.7  20220329183543770.CI.SWP
1025  39981303  0.000022  -3.3  40.74  8.54  2.7  20220329183543770.CI.NSS2
1026  39974207  0.006999  3.4  11.63  13.09  3.0  20220322115940490.AZ.SND
1027  39974975  0.000096  3.0  78.05  7.47  2.6  20220323015844750.CI.LDR
1028  39974135  0.007307  4.8  75.41  7.40  3.3  20220322103338430.CI.CJV2
1029  39970343  0.004219  5.3  18.11  6.49  2.1  20220317184856910.CI.RPV
1030  39980279  0.000030  -1.5  97.58  2.42  2.2  20220328080518810.NN.QSM
1031  39981367  0.037319  6.2  41.22  11.46  2.2  20220329190819980.AZ.TRO
1032  39981367  0.001782  2.9  32.31  11.46  2.2  20220329190819980.AZ.SND
1033  39973167  0.000003  7.4  106.54  2.66  2.4  20220320223755660.CI.GSC
1034  39971647  0.001010  9.2  101.44  7.93  2.8  20220318213015660.CI.SDR
1035  39974975  0.000006  3.8  95.50  7.47  2.6  20220323015844750.CI.ABL
1036  39981503  0.072741  13.0  50.69  3.33  2.1  20220329215718440.CI.KRV3
1037  39973863  0.000638  9.0  59.26  9.90  2.3  20220321234144940.CI.THM
1038  39974207  0.020499  15.1  30.72  13.09  3.0  20220322115940490.CI.TOR
1039  39971647  0.004144  11.9  109.89  7.93  2.8  20220318213015660.CI.RHR
1040  39981503  0.153916  7.2  62.25  3.33  2.1  20220329215718440.CI.DTP
1041  39973479  0.000039  -0.7  102.45  14.45  2.9  20220321160222860.CI.LJR
1042  39974975  0.009669  6.0  24.04  7.47  2.6  20220323015844750.CI.WSS
1043  39970959  0.000078  9.8  150.05  5.25  2.2  20220318092715930.SN.AMD
1044  39974135  0.028489  -4.0  151.13  7.40  3.3  20220322103338430.CI.SES
1045  39971647  0.000268  9.8  98.78  7.93  2.8  20220318213015660.CI.RUN
1046  39980023  0.001633  11.4  87.45  16.24  2.3  20220327200134190.CI.CRR
1047  39969815  0.000309  5.1  78.68  14.95  2.5  20220317045350680.BC.RMX
1048  39969815  0.000316  0.6  18.74  14.95  2.5  20220317045350680.BC.CPX
1049  39974135  0.023275  7.9  23.55  7.40  3.3  20220322103338430.CI.RSS
1050  39970959  0.592185  8.6  137.21  5.25  2.2  20220318092715930.CI.ARV
1051  39973863  0.000377  4.6  93.86  9.90  2.3  20220321234144940.CI.PALA
1052  39981303  0.006246  12.6  53.88  8.54  2.7  20220329183543770.AZ.TRO
1053  39981303  0.008496  8.2  39.52  8.54  2.7  20220329183543770.CI.BOR
1054  39970343  0.007158  3.4  96.40  6.49  2.1  20220317184856910.CI.MUR
1055  39980983  0.073246  7.8  35.02  13.06  2.1  20220329063445330.CI.PLM
1056  39973479  0.000022  1.4  93.93  14.45  2.9  20220321160222860.CI.XTL2
1057  39973863  0.028198  10.3  69.36  9.90  2.3  20220321234144940.AZ.SND
1058  39970343  0.000113  14.3  64.70  6.49  2.1  20220317184856910.CI.PEM
1059  39981303  0.187446  0.8  60.07  8.54  2.7  20220329183543770.CI.MTG
1060  39970343  0.022268  3.3  78.09  6.49  2.1  20220317184856910.CI.SUN
1061  39976295  0.428901  7.1  10.80  6.06  2.0  20220324015333340.CI.CWC
1062  39980759  0.013229  10.0  110.15  6.78  2.0  20220328190009580.CI.TPO
1063  39978855  0.000066  7.4  18.70  14.85  2.3  20220326063007660.BC.GUVIX
1064  39980583  0.000132  8.4  105.01  2.28  3.0  20220328152432130.CI.CSH
1065  39980983  0.534733  9.5  11.95  13.06  2.1  20220329063445330.CI.CSH
1066  39979047  0.002440  6.8  65.30  10.15  2.3  20220326145853780.CI.LUC2
1067  39971663  0.000071  10.2  118.47  6.43  2.9  20220318214828880.CI.CCC
1068  39979047  0.008155  -0.1  51.76  10.15  2.3  20220326145853780.CI.HMT2
1069  39971647  0.071026  -0.3  88.85  7.93  2.8  20220318213015660.CI.LYP
1070  39981503  0.021325  6.5  76.44  3.33  2.1  20220329215718440.CI.VES
1071  39971647  0.513925  5.3  103.58  7.93  2.8  20220318213015660.CI.BLA2
1072  39974975  0.000064  4.3  98.21  7.47  2.6  20220323015844750.CI.LMR2
1073  39973183  0.001670  6.6  68.03  11.02  2.9  20220320233148540.CI.ACP
1074  39974975  0.192974  11.4  68.55  7.47  2.6  20220323015844750.CI.SUN
1075  39980551  0.000326  1.4  82.26  7.56  2.1  20220328150039320.CI.LMR2
1076  39971663  0.174778  6.9  107.40  6.43  2.9  20220318214828880.CI.WBS
1077  39971663  0.001682  7.7  108.64  6.43  2.9  20220318214828880.PB.B921
1078  37406524  0.103557  4.7  34.66  1.57  2.3  20220328152430320.CI.PLR
1079  39976295  0.003108  6.6  101.61  6.06  2.0  20220324015333340.CI.POR
1080  39969735  0.079315  14.2  43.71  11.78  2.5  20220317014656550.CI.LUC2
1081  39974135  0.481819  9.9  10.39  7.40  3.3  20220322103338430.CI.PDU
1082  39974135  0.002315  7.2  105.38  7.40  3.3  20220322103338430.CI.RRX
